0.21950574564823944,0.26058254983971996,0.9429139688083266,0.19426511664579368
0.9769933790405344,-0.02155450975580789,-0.22309659649811245,0.06587252789986939
-0.04494595323921201,0.9635438556211804,-0.25994998641437383,0.2361736097603625
0.0,0.0,0.0,1.0
0.21861578947564778,0.2560149219696187,0.9434938420355543,0.19652580931643843
0.9753806784935852,-0.009860352620168324,-0.22565616374487474,0.06321071654408789
-0.05417909565901882,0.9664561443788195,-0.2529639823939528,0.23320260707015913
0.0,0.0,0.0,1.0
0.2203624313990412,0.26107580762967564,0.94,0.2017013115084974
0.9745723262777223,0.003407881415645916,-0.22977820150863382,0.061037565889229574
-0.06883287852543145,0.9664561443788195,-0.25353984070244195,0.23007787702918703
0.0,0.0,0.0,1.0
0.2239492783641373,0.26877751171482067,0.9365061579644458,0.2083479144754159
0.9724210527628122,0.011785812724973747,-0.23390362144169086,0.06007410464504797
-0.07985465765074248,0.9635451939274265,-0.2568990468387079,0.22761518537520514
0.0,0.0,0.0,1.0
0.22610891242700393,0.265685271879888,0.9370846928854273,0.21083757563358066
0.9700000000000001,0.017397657853648153,-0.23610757412075778,0.05932723210526023
-0.08277699804098722,0.963590850849873,-0.2512015828345664,0.2250436400486501
0.0,0.0,0.0,1.0
0.2389675144247198,0.2557379620780064,0.9370417125754731,0.21109426198761777
0.9675802855434341,0.02133721529565963,-0.24896751442471976,0.05829657157637243
-0.08479243368443942,0.9670846928854273,-0.24089987147112052,0.22211252968166573
0.0,0.0,0.0,1.0
0.25595773877424394,0.24600085541827477,0.9359662466902388,0.21434282600475174
0.965470654032232,0.022109631511202016,-0.2659577387742439,0.05781262127544411
-0.08564645385671044,0.9699570196900459,-0.2314715094505067,0.21877141582171777
0.0,0.0,0.0,1.0
0.26038886292156216,0.23275156308027117,0.9375776089309418,0.21712033560655553
0.9651149141644215,0.021434224109978393,-0.2703902012278083,0.059447707105958245
-0.08139392041251653,0.9724170378440737,-0.22028619170125874,0.21680901431990204
0.0,0.0,0.0,1.0
0.2581580293129752,0.22077502375174674,0.9394157701095927,0.21088553138265093
0.9648877624480708,0.025116252470667674,-0.2682023479291755,0.06226680952961479
-0.081171136393307,0.9744823507390755,-0.2101881172488471,0.21770977433011474
0.0,0.0,0.0,1.0
0.25559275606282555,0.2215048124357378,0.9394157701095927,0.20066091111944617
0.964620659812661,0.028967172680278517,-0.26613534394952487,0.06482599998801263
-0.08471197365755387,0.9742538607164786,-0.21087492562288396,0.21987191972340359
0.0,0.0,0.0,1.0
0.2537608083368874,0.23601605486550026,0.9375776089309418,0.18666830136882834
0.9635895125436269,0.030584229890407356,-0.26627049833210026,0.06707487414564922
-0.0884759366854515,0.9715240633145485,-0.22301077221228077,0.2234312662392929
0.0,0.0,0.0,1.0
0.2399459714956354,0.26246924996367427,0.9359649083839925,0.1714771118192102
0.9659662466902388,0.034038109972940996,-0.2550608856600569,0.06907126734300695
-0.09556351159373566,0.9654679774197397,-0.24552018953934024,0.2277174930881397
0.0,0.0,0.0,1.0
0.2190188663165921,0.2806143345872255,0.9369947173467805,0.17537484686615135
0.971029808962788,0.041295573291951604,-0.23686491618918976,0.07000596495709953
-0.10317403816806442,0.9610798225484141,-0.2617854709805325,0.22836483371785282
0.0,0.0,0.0,1.0
0.20924969120724002,0.28587091792660735,0.9364548060725735,0.19956483253926147
0.971879803182359,0.04501790535010276,-0.23081807313798886,0.07066349561781324
-0.10551483631435564,0.9594600887257929,-0.2689205191960272,0.2243086957414624
0.0,0.0,0.0,1.0
0.20456776420417788,0.2926928648398045,0.9329609640370192,0.22173465140776538
0.9710355039322138,0.04134424857133162,-0.22698614035449774,0.07184052853942366
-0.10143288580373225,0.9564574826850657,-0.27964460187663087,0.21862305092892004
0.0,0.0,0.0,1.0
0.19432162506170741,0.3062182862124997,0.9305855681966535,0.2314655681768552
0.9725070133827205,0.04108116085466024,-0.2172382704825263,0.07239717414302417
-0.10166672905131374,0.9505869065028997,-0.295091468435393,0.214139295613198
0.0,0.0,0.0,1.0
0.18888035183264199,0.316323052196142,0.9300899755386469,0.23252022069715528
0.9745306842740142,0.04362947449664749,-0.21295842375860355,0.07210202039630698
-0.10658910022742055,0.9466391138130468,-0.3038120238946831,0.2122660211413725
0.0,0.0,0.0,1.0
0.19533101768636185,0.3135337929546133,0.9305399112742071,0.23113790056093642
0.9748407672193782,0.04355188545865729,-0.21833897695207366,0.07126319961518456
-0.10995969630253813,0.9481188585113949,-0.2989574517581527,0.21210105100644666
0.0,0.0,0.0,1.0
0.19536680631864428,0.3072410944630568,0.9323727192278735,0.23061800780620234
0.9745750028902146,0.04664446703803129,-0.2189603337810096,0.07072387735235225
-0.11300929757195795,0.9512472397570129,-0.2918160973532713,0.2120669131801885
0.0,0.0,0.0,1.0
0.18739047720993796,0.3085262339731925,0.9333608861869533,0.22929730672889106
0.9730496012694199,0.05533918385791538,-0.21510371860197292,0.07135315712704987
-0.11775756000823524,0.950265627995087,-0.290991605352205,0.2128470737237073
0.0,0.0,0.0,1.0
0.16914431081100312,0.3307714196537375,0.9289215157578321,0.22326591490880027
0.9735465322336727,0.06650348135195347,-0.2026438478159832,0.07214637900330265
-0.12462233986334835,0.9413425685206442,-0.31131266923419065,0.21561469947965478
0.0,0.0,0.0,1.0
0.1418508313814224,0.3610530747603371,0.9217540279774683,0.21820447175508062
0.9770390359629808,0.0816528568763728,-0.18359500210268814,0.07269588343721108
-0.13712484921485096,0.929424289059549,-0.34109739337653744,0.21924648281420828
0.0,0.0,0.0,1.0
0.12990583669569136,0.37014102219892464,0.9201426657367653,0.21830697422408502
0.9794144318033466,0.09267161764475029,-0.17675521169321434,0.07378911095919342
-0.1472936157636574,0.924320423089538,-0.3501423605051708,0.22202214070277076
0.0,0.0,0.0,1.0
0.14094794155336832,0.3481431605762294,0.9265487965299587,0.2209047448956741
0.9799086861551072,0.08864355930441487,-0.1832293469363488,0.07509822789826867
-0.14169316057383471,0.9326076953713365,-0.3281444988824756,0.22373600949966344
0.0,0.0,0.0,1.0
0.16001239753461813,0.3233222515062173,0.9310741275789882,0.2236600694936498
0.9794144318033466,0.07879023995991853,-0.19588866868621008,0.07641175945350331
-0.13229245357739094,0.9427324850483838,-0.30336657012241763,0.22520035588644338
0.0,0.0,0.0,1.0
0.1792331313858453,0.3057238485182976,0.9318425178418307,0.22551914981440585
0.9770390359629808,0.0712487254312972,-0.2104388765071883,0.07885267148925029
-0.12774651181382482,0.9471802160254617,-0.2862637597925046,0.22670314477980644
0.0,0.0,0.0,1.0
0.2012373935347719,0.2728878790302469,0.9370390359629808,0.2300872520642555
0.9735465322336727,0.06166539074506759,-0.22532517534889784,0.08332698389372756
-0.11861445116940161,0.9564521294600812,-0.2553089317930591,0.2271771808734967
0.0,0.0,0.0,1.0
0.2038454306505496,0.2554766797121376,0.9411197845014347,0.24450598890020392
0.9730496012694199,0.056720912146178394,-0.2252353361443277,0.09033956430827092
-0.11205325710482483,0.9626881664321836,-0.23951310963439115,0.223821011077439
0.0,0.0,0.0,1.0
0.19525890717347139,0.2593062494945022,0.9419311550742313,0.26052800808769716
0.9745736645839684,0.05586776323559713,-0.21785843637325425,0.0967863584825845
-0.10981020270046551,0.9627838259062946,-0.24235718907016815,0.21794553024139074
0.0,0.0,0.0,1.0
0.2014347242564194,0.23183430093083515,0.9480718632827023,0.26775546201641326
0.974797786909424,0.041507309116750685,-0.21820095158060301,0.09989085784694327
-0.09038316795213627,0.9708087049942657,-0.2159650630549152,0.21463495719742587
0.0,0.0,0.0,1.0
0.213776007784113,0.18768581330770912,0.9553279882954667,0.27812864313007757
0.9740324150035152,0.017188598641341375,-0.22293170853396777,0.10372735521256018
-0.05777550514424103,0.9807543237114985,-0.1777301319239094,0.2092180070560385
0.0,0.0,0.0,1.0
0.22959121715566833,0.16002589859431027,0.9563205119177263,0.2963936693864044
0.970538572967961,-0.002289298886380709,-0.23514917011405478,0.10960181613103342
-0.03193143877634612,0.9857376203335652,-0.15643638605068344,0.19961519078876944
0.0,0.0,0.0,1.0
0.23696780774574167,0.1646517206665149,0.9529515958932961,0.3054759054638675
0.968379269615574,-0.011542601333669224,-0.24154548724844843,0.11299053357499109
-0.022087214907419515,0.9845709879714761,-0.16401781893492265,0.19476148816280986
0.0,0.0,0.0,1.0
0.2362727347530558,0.18377095841658847,0.950406955425606,0.3049346270949524
0.9683871631189742,-0.017362912791535474,-0.2386924492096218,0.11382362967348608
-0.019412888086735747,0.9820197923066318,-0.18363666426174136,0.19559719810671589
0.0,0.0,0.0,1.0
0.2585476193208226,0.16337433331456985,0.947883335213126,0.3035705109535085
0.9621882060770356,-0.01907935941234319,-0.2585046390108684,0.11511406518316561
-0.017100957970745633,0.9856937908298442,-0.16233749107610992,0.1959455236948645
0.0,0.0,0.0,1.0
0.3017561718800783,0.10599117079066718,0.9402338432475815,0.3075948542781798
0.9490255688817844,-0.013153518059295478,-0.2988408647655056,0.11825497222565076
-0.012410140902478373,0.9911639557495968,-0.10169165315174222,0.18951449985440555
0.0,0.0,0.0,1.0
0.32701569971500927,0.07673376888402503,0.9329624386773421,0.31618377155891786
0.9406357181163564,-0.008113630586525412,-0.3206078888711284,0.12186188144542914
-0.00938820569119016,0.9917868092867788,-0.07117461395346908,0.17785809303166444
0.0,0.0,0.0,1.0
0.29711026418021996,0.1313696548605288,0.9354830515668502,0.32046811227983374
0.9497395888958209,-0.01978243287169842,-0.290701115030093,0.12306808006838625
-0.010706126510636316,0.9833237482144631,-0.13051966064095777,0.170614748225276
0.0,0.0,0.0,1.0
0.2730449530627974,0.16183087411011507,0.9399044658260041,0.3208387776160123
0.9583289142855065,-0.022715730850586008,-0.2700853273320244,0.12186429748027938
-0.015118792749083315,0.9775874551531827,-0.16317076601826697,0.1670804274341946
0.0,0.0,0.0,1.0
0.2919147066464714,0.10173596041386604,0.9454802275863197,0.32190117226591747
0.9557446536092371,-0.013334649040835431,-0.29133047675606405,0.1197297637308517
-0.011149028970524593,0.9873601781367167,-0.1021885727619186,0.16354983836328496
0.0,0.0,0.0,1.0
0.3069509061799056,0.055982544178153085,0.9508389460251605,0.32288235062907744
0.9535841593186423,-0.011339042714385229,-0.3069065875637053,0.11863308549265941
-0.004132305840690811,0.9972547867065183,-0.05606984310430756,0.16324031054604857
0.0,0.0,0.0,1.0
0.3052261623770077,0.04652681829921365,0.9520209942788014,0.3227603851565368
0.9546676550413535,-0.014634042875122417,-0.3052664660744696,0.11901475163441902
0.000280838476274102,0.9997273967715674,-0.0471137248021133,0.1643831877813453
0.0,0.0,0.0,1.0
0.30025378864923635,0.03999721849766162,0.9508433026883403,0.3220569487930129
0.9555189875671708,-0.017582756745561687,-0.3007023860785505,0.11901217904872258
0.0056039516252741756,0.9992680928922841,-0.043002501150881126,0.16408096207171338
0.0,0.0,0.0,1.0
0.28469205373478434,0.021834602590622296,0.9519780139688472,0.32119992107140605
0.9587030884018022,-0.02319931131581859,-0.28594197010428946,0.11773223261499569
0.020409632038098403,0.995154728749404,-0.028829319937402786,0.16278712712274268
0.0,0.0,0.0,1.0
0.25422074869668837,0.0525369623317291,0.9503487065921384,0.3202102253889365
0.9653806784935852,-0.03883737152268779,-0.25224393670001066,0.11539855875494107
0.03531961671354861,0.983086886609948,-0.06195139413507559,0.16063019437074816
0.0,0.0,0.0,1.0
0.222931337418719,0.16668980109132592,0.9437750222562697,0.31913367705045126
0.9728666318351928,-0.06595773877424391,-0.21190152845593108,0.11335143331332134
0.037353339237447845,0.966918955727516,-0.17664414416887947,0.1585875617176778
0.0,0.0,0.0,1.0
0.22249114094213052,0.2158811142730609,0.9404057534534367,0.318823518670776
0.9740297383910229,-0.08051766751734796,-0.2066245796787029,0.11293100990268112
0.03726082342038543,0.9634177276378868,-0.2258811142730609,0.15792002316439954
0.0,0.0,0.0,1.0
0.2293998291311582,0.18862996768127888,0.9456531453879411,0.3195119982022576
0.9723797525035454,-0.0810246501142064,-0.2136162101307053,0.11314563797791777
0.04263849459099862,0.9703137671536228,-0.1986742862974792,0.15773707636333728
0.0,0.0,0.0,1.0
0.21062104764793588,0.21370227564045974,0.9460035320307671,0.3199553128622611
0.9764481145413427,-0.08146368502339443,-0.19421591341654731,0.11247426455268147
0.041248578063259,0.965521664179663,-0.22424084860842064,0.15761473702337603
0.0,0.0,0.0,1.0
0.2075531301272615,0.22469812035790232,0.9429223403902447,0.3204310368372253
0.9773489825742682,-0.07761207029093953,-0.19410360670790755,0.11075656363164474
0.03578361900045287,0.9631536433594106,-0.23707217789202192,0.15742126276607865
0.0,0.0,0.0,1.0
0.23689051344382786,0.16236536914820193,0.9470310061255041,0.3232765336728027
0.9696305242913252,-0.06572825218984213,-0.23092426675358915,0.10965161891109464
0.031020440819064903,0.976904889176172,-0.17576655903261712,0.15540317532130465
0.0,0.0,0.0,1.0
0.2680067064736778,0.10176398687339984,0.9497713736433264,0.32400092009989556
0.9600968724802421,-0.047401672772386605,-0.26683824669286305,0.1092948080611816
0.021742832415019585,0.9901700938210911,-0.11108978144434571,0.15376249691534022
0.0,0.0,0.0,1.0
0.3039111235804185,0.06633111149850504,0.9436723074385635,0.31428313505780053
0.9494572067029361,-0.02753576151686908,-0.3038641283517258,0.10854957087644099
0.009280137648499411,0.996632138579701,-0.0687964828775175,0.15817147268263815
0.0,0.0,0.0,1.0
0.33562450824688994,0.05930057210515037,0.9333250865207094,0.30120416980731146
0.9396178286096687,-0.00979376476822371,-0.3361630812148508,0.10887711688810713
-0.006460501041999293,0.9976523739884015,-0.05508969169862603,0.16619067533080067
0.0,0.0,0.0,1.0
0.337955220066228,0.09728144335038427,0.9257462756175983,0.29810506155395067
0.936644603372108,-0.0006813750388027836,-0.3404205914452405,0.11079218321126869
-0.025781938949765465,0.9909814754278493,-0.08930391226950846,0.17135508106765746
0.0,0.0,0.0,1.0
0.2989818901570639,0.17593035109468716,0.9292926715171943,0.3022745118616048
0.9479054426359084,-0.00956231443101966,-0.30355689304727834,0.11160774300603533
-0.03940472191518221,0.9795074256989268,-0.1705066922911478,0.1727730538245568
0.0,0.0,0.0,1.0
0.26187667002082843,0.22050875592266322,0.9383346092549323,0.3046707995237286
0.9608376077189145,-0.016122273959985774,-0.26730166713061393,0.11007216102130694
-0.04448403078976282,0.9735518854586573,-0.2164223124147835,0.1739466277640595
0.0,0.0,0.0,1.0
0.2363488021423583,0.23739582068101683,0.9427256461491149,0.30065285447485135
0.969556813837997,-0.005431894051380859,-0.24388610737583816,0.10805756635044865
-0.053675325795497004,0.9707504561607982,-0.2302681474856354,0.1778039006778069
0.0,0.0,0.0,1.0
0.21704897279098934,0.26189940555951674,0.9391888238036064,0.2918007859649949
0.9737472198640613,0.006059759069106009,-0.22659769874918295,0.10741649131526945
-0.06505920560936951,0.9649003543590919,-0.25194238586947093,0.1843879351789136
0.0,0.0,0.0,1.0
0.22938963673411028,0.25623192931669,0.9313842105243522,0.2801629449085675
0.9678114521785233,0.006321986558049162,-0.24047079758877052,0.10662972612667479
-0.06305227788191212,0.9634841211134284,-0.24385787178257046,0.19186648990960853
0.0,0.0,0.0,1.0
0.23957541432980972,0.25387141040912886,0.9209496906803437,0.2708746415119525
0.9624698643762688,0.010911067033569179,-0.2550017497458414,0.10427628892008983
-0.06315498166565675,0.9579372384173755,-0.23988197571556788,0.19770332897583442
0.0,0.0,0.0,1.0
0.1956256626722511,0.31423288459711474,0.9140422612257562,0.2640915890099711
0.9724294353786919,0.025112032141564627,-0.21670246686373162,0.10140367740258917
-0.07941993239636928,0.9391461161618058,-0.30176751321810225,0.20349330316697595
0.0,0.0,0.0,1.0
0.15299515592149737,0.35007933315383266,0.9196912553608823,0.257707043980395
0.9821412108483429,0.041618053771933734,-0.17604609549716332,0.09937416124830194
-0.09600754694950547,0.9329307230061243,-0.3389551919892183,0.2107403078976195
0.0,0.0,0.0,1.0
0.13747398687714246,0.3545694455349211,0.9242481657470527,0.25572808596544716
0.984353409809213,0.05587091792660735,-0.16456437473199553,0.09758278766635228
-0.10928449431167911,0.9339298475538471,-0.3415655011879477,0.21556135461306225
0.0,0.0,0.0,1.0
0.12737708700543726,0.37104095362494943,0.9197770686127524,0.2555547284784386
0.9830429097381891,0.071695837186327,-0.1644147846621719,0.09449723991602418
-0.1257712324997963,0.9267798157970097,-0.3546304661685763,0.21685677449094848
0.0,0.0,0.0,1.0
0.10955675579567048,0.3933635627994457,0.9130026060407274,0.2529861136917155
0.9835451939274266,0.08379709711561087,-0.15538033674914398,0.0903153665993513
-0.1362208264909153,0.9160092270001929,-0.37695441364931864,0.2169630510364891
0.0,0.0,0.0,1.0
0.0915434250485507,0.41030043109952613,0.9077159180045273,0.2504641307909457
0.9869933790405344,0.084115551642893,-0.14082088608455784,0.0857966105983787
-0.13470245814579265,0.9083471431236272,-0.397339467062507,0.2161341933780429
0.0,0.0,0.0,1.0
0.08783482883126381,0.4174103645692664,0.904180433965265,0.2527139982667302
0.9888288636066931,0.08040160220062154,-0.13719958879342542,0.08239445473017182
-0.1310771459359218,0.9048129973906112,-0.4067804777564126,0.2140769193068527
0.0,0.0,0.0,1.0
0.10247769983734265,0.4075719720038423,0.906100540845086,0.25428776595918146
0.9869034035018877,0.07654210499872793,-0.14942676026167667,0.08013311342277603
-0.13013563246109325,0.9091528187269979,-0.39694074688474235,0.21251082733666982
0.0,0.0,0.0,1.0
0.12835404006522255,0.38711393735451716,0.9121123081236944,0.24578409899053738
0.9824197144565661,0.07058422989040737,-0.17081807313798886,0.07766410608674865
-0.13062854850660768,0.9196912553608823,-0.3741086547012976,0.21367350585552206
0.0,0.0,0.0,1.0
0.15630543777061595,0.3662554677823925,0.9167635507116914,0.23908045981602571
0.9776259424658805,0.0664605010419993,-0.19442697289450311,0.07484684913342972
-0.13340956146633334,0.9291376082458109,-0.34930506905181236,0.2150229449006004
0.0,0.0,0.0,1.0
0.17967457023937228,0.34902113210835517,0.9195516079810505,0.23902527163520065
0.9736351694660733,0.0659148947983664,-0.21518954288780456,0.07214475307622881
-0.13770606074832475,0.9359164385149772,-0.33014661157921577,0.21520696975633996
0.0,0.0,0.0,1.0
0.18441993961883113,0.347555545105562,0.9196788578262641,0.2379639305104344
0.9735465322336727,0.061027132350295644,-0.21953485378325266,0.069768302105233
-0.13505820904756463,0.9361336638988375,-0.3300222547908206,0.21581662118221964
0.0,0.0,0.0,1.0
0.17973457741527757,0.3547079477048539,0.9185657758900216,0.22926735251806518
0.9764561443788196,0.05183984122933836,-0.2145740063284096,0.06861798834594574
-0.1253380399280723,0.9321539501274023,-0.3387430393208613,0.21918249290902964
0.0,0.0,0.0,1.0
0.1807188657896957,0.36854788879634226,0.9130979348043586,0.2173552992217631
0.9764561443788196,0.04699337904053434,-0.21466398186705637,0.0685731821653868
-0.1223700426153811,0.9271817016997461,-0.3515088528333614,0.2246059984256123
0.0,0.0,0.0,1.0
0.19129824990444394,0.36909034034896493,0.910231302969166,0.21265294984367422
0.9735451939274266,0.0405342163047812,-0.2207570003239907,0.06833826824583857
-0.11846876707570285,0.9291071618045516,-0.3520969613084306,0.22711118385554738
0.0,0.0,0.0,1.0
0.19842578676574868,0.3491695293273931,0.9162860505577286,0.21207730838336136
0.9735895125436269,0.028928549033504062,-0.22197098069317522,0.06798233783017199
-0.10268815539822199,0.9367316296301091,-0.3338331694500081,0.22656785167229404
0.0,0.0,0.0,1.0
0.19326970867613708,0.3268815450868725,0.9262263160499766,0.21170938738718964
0.977040374269227,0.021171136393307012,-0.21385527687279055,0.06820711896249348
-0.08736721141238878,0.9421912244339692,-0.3128477917771112,0.22612471630707612
0.0,0.0,0.0,1.0
0.19031880730568496,0.3081547254354276,0.9330051463191429,0.21636171358392098
0.9794157701095927,0.017176006730320183,-0.20982455295392435,0.06851833645208041
-0.07874452499514567,0.9471332318307306,-0.29810906851298113,0.22596529580922453
0.0,0.0,0.0,1.0
0.1948824092230862,0.3024068824408327,0.9327257824831916,0.2267181200436562
0.9799543430775537,0.013549208846165,-0.212419714456566,0.06820180779770971
-0.07624708516651282,0.9497661567524185,-0.2958550675539405,0.22486760261741454
0.0,0.0,0.0,1.0
0.19923413898161169,0.2964023885426083,0.9331451354434158,0.23431775201909968
0.9799986616937539,0.01300662095946566,-0.21470345470759755,0.06736647947967506
-0.07735045721459094,0.9520223325850475,-0.288777784382974,0.22320905277785758
0.0,0.0,0.0,1.0
0.1934455085006155,0.2976479025206247,0.934432473487526,0.23612053302837616
0.98,0.014079410232207752,-0.20856042266503705,0.06591720445143519
-0.0785214572738213,0.9519657638022674,-0.2881864754885856,0.22086279566858313
0.0,0.0,0.0,1.0
0.18301499254138381,0.30446440560306964,0.9350719338544674,0.23285627018382626
0.98,0.012959625730773052,-0.19790007837696227,0.0638195118773091
-0.07488240922308619,0.9510381805447061,-0.29450872421926994,0.2187261417787622
0.0,0.0,0.0,1.0
0.18080448466516275,0.30435742472795135,0.9354236588035394,0.22759812082119663
0.9800013383062463,0.01291530711457274,-0.19533516893917696,0.06302459671196706
-0.07103550393221379,0.9525070133827205,-0.29436010134044366,0.2185671583769359
0.0,0.0,0.0,1.0
0.18264954278540907,0.3008473176070787,0.9369960556530266,0.22831411969267063
0.9800456569224465,0.013496518648046543,-0.19511491416442156,0.06383221815696011
-0.06950574564823943,0.9545306842740142,-0.29089163622327907,0.2191098678431232
0.0,0.0,0.0,1.0
0.1844336644257339,0.2997772159807905,0.9370390359629808,0.23421267084492559
0.9805842298904075,0.01009131384489292,-0.1950205709286335,0.06477577067850684
-0.06708736949791956,0.9548407672193782,-0.2903171272549976,0.21890894132065913
0.0,0.0,0.0,1.0
0.1835823429338782,0.29843027976300507,0.9359662466902388,0.24095648243725384
0.982959625730773,0.007675956051506614,-0.19421222974673202,0.06572992484342635
-0.06413076212408006,0.9545750028902145,-0.29084999421957103,0.21820085837055675
0.0,0.0,0.0,1.0
0.17093729314572553,0.29991403938009165,0.9375789472371878,0.24731103625810674
0.9864104874563732,0.01305093957566597,-0.18394391410519118,0.0671669926181949
-0.06601190361268518,0.9530482629631737,-0.2939034740736527,0.21714725275944002
0.0,0.0,0.0,1.0
0.16167376232698571,0.30057719661473536,0.9394600887257929,0.2502253141325814
0.9864548060725735,0.020488559382334737,-0.1786671413675201,0.06802691765273372
-0.0710727892727421,0.9535008753112262,-0.29299824937754754,0.21707129561925248
0.0,0.0,0.0,1.0
0.16367914633783237,0.2965061579644458,0.9399543430775534,0.25016307251064895
0.9835438556211805,0.022282743689226628,-0.18304792121873242,0.06794658297243135
-0.07232973891791925,0.9564548060725734,-0.2870903878548532,0.2181755772140862
0.0,0.0,0.0,1.0
