-0.18861674172834647,0.22245174942715346,0.9564898784842859,0.2000450510731984
0.9797898039451223,-0.022941462424822534,0.1985716961498576,-0.1172449834588904
0.06612258182318789,0.9746212380151849,-0.21361292650455674,0.10574131583383697
0.0,0.0,0.0,1.0
-0.19075469883760968,0.2219217423186069,0.9561434299020246,0.1921732971126379
0.9787649637343465,-0.029576366112197786,0.20219136027806286,-0.11694721625772914
0.07316181339211733,0.9744466062976576,-0.21149781895132713,0.10451266531936562
0.0,0.0,0.0,1.0
-0.195693598128855,0.2219652174448178,0.955077820962833,0.18751383088115628
0.9763260145857553,-0.04495348078805985,0.2104500656827788,-0.11683786727970971
0.0896329543091687,0.9737260799770742,-0.207804834272171,0.10246319269912534
0.0,0.0,0.0,1.0
-0.20031216738897162,0.21963656772229623,0.9546220982005096,0.18811892403830116
0.9736527571003957,-0.06199664860103678,0.21849407150763528,-0.1169119760239041
0.10715642480085175,0.9733746202269205,-0.2014056403927562,0.10027716865290529
0.0,0.0,0.0,1.0
-0.19637043408306384,0.2230233291412161,0.9545562559024844,0.1905690037909314
0.9728486008278916,-0.07516166449693369,0.21774762468223186,-0.11652036285392244
0.12028459869696742,0.9717542800673871,-0.20234582449250008,0.09906123847179366
0.0,0.0,0.0,1.0
-0.18649100163139054,0.2317435199737495,0.9544437124872032,0.18880366571001228
0.973241166388851,-0.08700824143573531,0.2113874543867599,-0.11594074922521858
0.1320352670268974,0.9687296306153432,-0.20940838188070154,0.0988513679475036
0.0,0.0,0.0,1.0
-0.18379361865916033,0.24409279584545696,0.9518968235001566,0.18576102693007646
0.9723610509055249,-0.09538196176706878,0.2122476204320615,-0.1151553380849413
0.14260784805323906,0.9648788382469833,-0.21979854617026626,0.0991069515848661
0.0,0.0,0.0,1.0
-0.17828099408223996,0.2586364933277981,0.9490308270981498,0.18726202153935834
0.9727347128333661,-0.0978765509366441,0.20935760113258184,-0.113871178919836
0.14686989086024566,0.9608465184281795,-0.23418931453869346,0.10029598722401237
0.0,0.0,0.0,1.0
-0.1703730530019422,0.2647597222245369,0.9488041138029648,0.1906476740073597
0.9742101007973474,-0.09805720882134156,0.20224456546097755,-0.11262565588757367
0.14635758632159268,0.9591996752784899,-0.24131690336619394,0.10230109254639494
0.0,0.0,0.0,1.0
-0.17355549195364178,0.2604409502415251,0.9494774377509343,0.19244435919008623
0.9740183198587644,-0.09601660894792184,0.20434005694986576,-0.1117684340603308
0.14416798850062307,0.9605914045736518,-0.2370987805083012,0.10431675157592957
0.0,0.0,0.0,1.0
-0.18038221344623478,0.25593218146564645,0.949431997471438,0.19219261752795058
0.9732036893867285,-0.0924151988368466,0.20979518080587892,-0.11159506608461073
0.14122049038138412,0.9621518653261526,-0.2325203346739644,0.1063750997935009
0.0,0.0,0.0,1.0
-0.18135557958317478,0.25457876247305583,0.9494789468586022,0.18875709575875932
0.9729953123922948,-0.09208719338521532,0.210566025578064,-0.1121219727319285
0.14076069811993966,0.9624845975191247,-0.23120941941476597,0.10821914360181505
0.0,0.0,0.0,1.0
-0.17259639171430186,0.25426427469269525,0.9511509330500767,0.18321890755842346
0.9744130313019002,-0.09544970015122639,0.20237943011314624,-0.11260239150981675
0.14200236228347365,0.9621879754397751,-0.23147519406744688,0.10900640891692792
0.0,0.0,0.0,1.0
-0.1721847216601803,0.2447292808219494,0.9537404647169208,0.18139325726561767
0.9748554488569283,-0.09539061434159687,0.2004628621985049,-0.11150372558753009
0.13976789488539604,0.9646409478836309,-0.2222562330839037,0.10880793709073877
0.0,0.0,0.0,1.0
-0.1792503084850406,0.23672130669459746,0.9544738184456631,0.18374200896039905
0.9742693593567124,-0.09046539409373477,0.20526711931316965,-0.10943889014185348
0.13460531638615486,0.9671441558428708,-0.2144607076453126,0.10825074290192344
0.0,0.0,0.0,1.0
-0.18340505410888525,0.2369854882746626,0.9535902786587642,0.18589303481281955
0.9741598645750309,-0.08438671295743254,0.20817077541162576,-0.10814708579660504
0.12943389423486287,0.9676380714499155,-0.2154264556099029,0.10748691782256294
0.0,0.0,0.0,1.0
-0.19314664062655001,0.23539022962168699,0.9521237064189954,0.18504098201228342
0.9721146769672515,-0.08388766267726253,0.21790927566642218,-0.10829849233034346
0.13088705014015256,0.9680742607236774,-0.21266731378786213,0.1055679551606152
0.0,0.0,0.0,1.0
-0.19601584223194018,0.24455842944512457,0.9490464716841343,0.18411300916112763
0.9700827961488601,-0.09166041480992061,0.2241995315727776,-0.10905972393695773
0.1415666949937997,0.9647733945879535,-0.2193959742602939,0.10348715019782732
0.0,0.0,0.0,1.0
-0.18355588151510283,0.276472471066101,0.9420263719522941,0.18586595907782688
0.9700792232588509,-0.10268977867777299,0.21950828314272405,-0.10904693230916748
0.15695411004068283,0.9542946265985373,-0.24957607381519872,0.10328765163351655
0.0,0.0,0.0,1.0
-0.167670852116181,0.31965228632343934,0.9313614081195276,0.19089318227051855
0.9703782217171038,-0.11208172415793674,0.2135029416820322,-0.10784309408791748
0.1723227069117308,0.9396642128984156,-0.2915227019339879,0.10476266998324363
0.0,0.0,0.0,1.0
-0.15831569934875525,0.3527194375278263,0.921708183375048,0.19589911894494427
0.9684675273617852,-0.12460695247284491,0.21452823029594595,-0.10702398182379512
0.1904511673372481,0.9266281436342805,-0.32191898819074016,0.10620516364059493
0.0,0.0,0.0,1.0
-0.15202707529345993,0.37126084764240624,0.9157085224185892,0.1972805447089243
0.9647591611609516,-0.14396803585464685,0.21894171164925214,-0.10727589949355076
0.21305896940294977,0.9167519956490222,-0.3363739262440246,0.10677224681803102
0.0,0.0,0.0,1.0
-0.14597473027686442,0.37388185170037425,0.915371879155667,0.1970313817655801
0.9629062105765226,-0.1577746817677258,0.21808858595354974,-0.10751257711722839
0.225781496312224,0.9134684228367149,-0.33711066335259565,0.10658782236283444
0.0,0.0,0.0,1.0
-0.13258171200719052,0.37356289342314397,0.9168612480133942,0.1980340173343872
0.9643501388509531,-0.16381713653030003,0.20613284824602035,-0.10713608366045835
0.22653012971074593,0.9122835949793364,-0.33885090251106587,0.10649612325424984
0.0,0.0,0.0,1.0
-0.10611442637240712,0.391981370472295,0.9125061261446412,0.20203505724122942
0.967190196742642,-0.17104978939880522,0.18590137784145339,-0.106417571886886
0.22813720009917465,0.9031123758010169,-0.3613616489990358,0.10640324879643148
0.0,0.0,0.0,1.0
-0.08518989627323116,0.4102749253842353,0.9073075002707478,0.20843887690960702
0.9681594188836302,-0.18045875303345105,0.17249541981760702,-0.1052651526530673
0.23417601363741944,0.8934462037382438,-0.3820445620502956,0.10567539800146464
0.0,0.0,0.0,1.0
-0.0688729349383313,0.42247549585342903,0.902890075645868,0.21414266043851343
0.9681574200603007,-0.18953301882108867,0.1624716557387686,-0.1030277591945102
0.2393518639604558,0.8857025778860577,-0.39618659782265264,0.10499255914448444
0.0,0.0,0.0,1.0
-0.055606699171967325,0.43912142854403313,0.8957158328589745,0.22115243416442076
0.9689952045231974,-0.19186175170285838,0.15427775079973094,-0.09859134337793175
0.23912848421039,0.8769124036646561,-0.41512097320235036,0.10433252175517395
0.0,0.0,0.0,1.0
-0.06560894803852067,0.43584790143842944,0.8963560375095703,0.23078656932385266
0.9705961945869511,-0.1786730188684309,0.15867140359867357,-0.09331907362857633
0.22863006147143702,0.8808477344979304,-0.4119538746535961,0.10265265071254104
0.0,0.0,0.0,1.0
-0.09201235575918758,0.4086670394232192,0.9066115367946697,0.2385173188118792
0.9732082928185565,-0.15306923178991785,0.168735555201452,-0.09022918006887684
0.20693883801072555,0.8982404623407199,-0.38435647978263004,0.10069946125891618
0.0,0.0,0.0,1.0
-0.1109008672119742,0.3857558816131895,0.9138357306666794,0.2427747551946492
0.9755805988921549,-0.131055373595519,0.17405675160878326,-0.0890724723016651
0.18578957889385042,0.9113848971930849,-0.3623466657388418,0.09964806025541162
0.0,0.0,0.0,1.0
-0.13402851206060754,0.34675716406057006,0.9217942792582661,0.2460974026555911
0.9747999080014565,-0.11677418362882683,0.18583839213350845,-0.08827550986628292
0.16848492833462186,0.9253193558296642,-0.323661760309218,0.09880123620361239
0.0,0.0,0.0,1.0
-0.1834667671089824,0.2664036579022976,0.9383976877399857,0.2473173010832309
0.9693673337617044,-0.10155878025195303,0.21858230011113794,-0.08683611353632337
0.14889421795509183,0.9523432591145868,-0.24138604555290258,0.09617017419005537
0.0,0.0,0.0,1.0
-0.22473905870862138,0.20791652655089893,0.9493153232979485,0.24558980877759065
0.9643497755230718,-0.08781567841693069,0.24764223406012603,-0.08525860888430782
0.13320187559342314,0.9721946448562386,-0.1815005639780597,0.09231584636291382
0.0,0.0,0.0,1.0
-0.23318483789145295,0.19763505635831768,0.9516051813370138,0.24265573303842625
0.963761500060946,-0.08248767168811,0.2532189298846431,-0.08476467140011695
0.12829969451757156,0.9763839519813211,-0.17136653024293072,0.08975215055883434
0.0,0.0,0.0,1.0
-0.22917871464261316,0.20408713185170915,0.9511499656516034,0.2402260138099092
0.9646751837046741,-0.08217520438217896,0.24985582225883074,-0.08511695293227603
0.12896426892251223,0.9749985177849129,-0.178112807141573,0.08826030747609635
0.0,0.0,0.0,1.0
-0.2379493553427543,0.201753062714916,0.9486454801125328,0.23719410285674059
0.9623658600628054,-0.08071314333011413,0.25815477321666935,-0.08636082603964595
0.12777339248562966,0.9750814404241337,-0.1751758220879775,0.08672395837938593
0.0,0.0,0.0,1.0
-0.2671049837780347,0.16781820222680094,0.9467058144767124,0.23179786654055246
0.9550549471104832,-0.0809343236067121,0.2832971435771392,-0.08870446431148613
0.122587929516702,0.9809700768013201,-0.13903678081796156,0.08528763507050044
0.0,0.0,0.0,1.0
-0.2980364796983211,0.12081664998864897,0.945295544172075,0.22859050412518755
0.9471587295654311,-0.08276180468551388,0.30894200189239196,-0.09109686596468192
0.11458805093000979,0.9880698877004859,-0.09001160913693002,0.08428713227787257
0.0,0.0,0.0,1.0
-0.31717231164264326,0.0879265821990116,0.9435360975520001,0.2277462992199619
0.9418073800049562,-0.08620472071343024,0.32444921230343526,-0.09294862336066234
0.10956049903893714,0.9917610595018163,-0.05549994434599928,0.0835274029516842
0.0,0.0,0.0,1.0
-0.3299022176142427,0.06750530905701385,0.940411883177654,0.2245471624616035
0.9368822411650193,-0.09731860926932381,0.33491467893280447,-0.09359958205708135
0.11361629800410553,0.9918214004956185,-0.03111740619717786,0.0833125240895223
0.0,0.0,0.0,1.0
-0.34197695936290273,0.040655867411497425,0.9345134328816259,0.23058371229787178
0.931525718888683,-0.1132905492135349,0.3435395845519579,-0.09142546793715652
0.11770451459856363,0.9889474098947628,0.0006818300459742292,0.08396252329068965
0.0,0.0,0.0,1.0
-0.33726824272955647,0.05532513148843016,0.928664616947483,0.24757072669513275
0.932272082926229,-0.11125498999367608,0.3394788105798343,-0.08758531232727658
0.11658557462467982,0.9826463000640743,-0.014557303820168059,0.08555655351187907
0.0,0.0,0.0,1.0
-0.31373357360190324,0.12658509966563297,0.9297444616411588,0.2572516224406185
0.940254288971117,-0.08788401871622256,0.32338709100142105,-0.0858956281865984
0.11693041267977264,0.9783074797079195,-0.09195857154987391,0.08676842198648302
0.0,0.0,0.0,1.0
-0.30977647361737387,0.14413872293947422,0.9338394738055371,0.25724243045783723
0.9428999690434535,-0.07298673152061563,0.3211587488283126,-0.08635844334759593
0.11122700876325618,0.9818365746451063,-0.11347273808284389,0.0869971136455792
0.0,0.0,0.0,1.0
-0.3243260392949404,0.0952737891425865,0.9330946904578504,0.2553478265019936
0.9390665403730477,-0.078196775501266,0.32978295796479246,-0.08675233062040338
0.10014160595326063,0.9853164187727836,-0.0640967282949245,0.08640297635316081
0.0,0.0,0.0,1.0
-0.33934919025828664,0.06507775713014012,0.927706230241347,0.25572397919393797
0.9337139368392647,-0.08896626027786639,0.3415603153225203,-0.08572076216292299
0.09971375133186533,0.9842946028681725,-0.03069407632203157,0.08490928613158895
0.0,0.0,0.0,1.0
-0.33362280265654853,0.11538201819319557,0.9270326988321317,0.2570800858708413
0.9353722043314202,-0.07813516650782673,0.34156248092939245,-0.0840100184413716
0.10862271186022016,0.9823647811011256,-0.08207645382304848,0.08267090735429763
0.0,0.0,0.0,1.0
-0.3271337345815003,0.15576961503469147,0.929243582565942,0.2558228665568173
0.9379089026845655,-0.06474179420594885,0.339405568341709,-0.08336720979735783
0.11216645722591341,0.9830528024599247,-0.12495784730511904,0.08164070919569019
0.0,0.0,0.0,1.0
-0.32613993520731743,0.14264417649357986,0.9321522769141359,0.2531542509823502
0.9384683747322684,-0.06827536830238622,0.3369741185453255,-0.08370970129862962
0.11114764185378181,0.985017675224247,-0.11157271597257248,0.0818558252835697
0.0,0.0,0.0,1.0
-0.31984634236355625,0.1331223674278389,0.9330039384046227,0.25147980040138984
0.9399752748434252,-0.07689096977917613,0.3295557894837533,-0.08433443958824885
0.11359599801288606,0.9831816875168664,-0.10058084944315406,0.08123016767888883
0.0,0.0,0.0,1.0
-0.31475292349158956,0.1407876848265163,0.930743984368922,0.2436624351540455
0.9409975968418574,-0.07919116252098371,0.32506160498091985,-0.08635292963750367
0.11600779547310197,0.9794392201350048,-0.10766463271208633,0.07799156143920041
0.0,0.0,0.0,1.0
-0.3187302109632189,0.1382867987433437,0.929227445806684,0.2263060422113839
0.9387511464551265,-0.08584425620621285,0.3301787641192766,-0.09018218271865713
0.12193689787289877,0.9789710940309699,-0.10275153885905955,0.0738071215519085
0.0,0.0,0.0,1.0
-0.29972228615762314,0.1772560528122461,0.9301897069125951,0.21138020698680987
0.9431954557819794,-0.08663245768276231,0.3175951396392688,-0.0929812679375725
0.1340150288649798,0.9742352071676438,-0.14184953201540673,0.07207614472067714
0.0,0.0,0.0,1.0
-0.26853800017039714,0.2028725084511312,0.9366798067562605,0.20367440902072453
0.9517120151737344,-0.0907507535435566,0.29088775658881527,-0.09400593216207956
0.14299979312699973,0.9707189844187958,-0.16915096231028676,0.07162506366383506
0.0,0.0,0.0,1.0
-0.25254025564992866,0.1892782831418675,0.9446464501346263,0.20060089296424147
0.9555641433963045,-0.10298802905539024,0.27508407444165606,-0.09483827703257926
0.1487848560569602,0.9725639570420314,-0.15510671777830323,0.07108467572586177
0.0,0.0,0.0,1.0
-0.2342834252955976,0.21191091410524487,0.9445348973092405,0.19946366326386417
0.9587497762923818,-0.10783331954917827,0.26163756280673256,-0.09654074184491135
0.1557990311049401,0.9675956247815743,-0.17834376318260098,0.07112483996965166
0.0,0.0,0.0,1.0
-0.19589716513584066,0.2750252340735462,0.9339081531212564,0.19884570545575475
0.9649219589211027,-0.10943031657014615,0.23460541391185596,-0.09820201374798287
0.1627377449570206,0.949298026985127,-0.24533112408053542,0.07215248028274206
0.0,0.0,0.0,1.0
-0.13717642325121887,0.35936484024615756,0.9148975328532716,0.19659895066648198
0.9726018412831895,-0.11965810869216983,0.19297221653232555,-0.09863431893207572
0.17413683180934725,0.9191601310885467,-0.33487035666054243,0.07365046552220696
0.0,0.0,0.0,1.0
-0.09536803709070325,0.4016183191736594,0.9069081026137866,0.19336194264963397
0.9781158832895588,-0.12829724245988214,0.15994410611023493,-0.09792632298710496
0.17873897308578635,0.9035991693077197,-0.38132178020249013,0.07572311151940281
0.0,0.0,0.0,1.0
-0.08535465384824001,0.39205738621790187,0.9138961274153982,0.19077441847281673
0.9788515474505194,-0.1360264586441688,0.15034716409876206,-0.09663406011783471
0.18257140453778878,0.9077422189550967,-0.37257309881791467,0.07784491154777395
0.0,0.0,0.0,1.0
-0.07385270662904173,0.395633684310296,0.9142762617919858,0.18766097358949058
0.9761355690628681,-0.15657234008730853,0.147456156232871,-0.0957766208078222
0.20102392495727067,0.9035722691831632,-0.3751681513141052,0.07972050753817717
0.0,0.0,0.0,1.0
-0.056200932330749784,0.41811149268147185,0.9058977398393019,0.18644686494640367
0.973027954038914,-0.17906039270443946,0.1435788675308602,-0.09506607765132871
0.22203938732449424,0.8897079259231349,-0.39706918136049524,0.08252376309397072
0.0,0.0,0.0,1.0
-0.052453536647178715,0.4370916463360914,0.8970757188070064,0.19124921757967916
0.9701841512536624,-0.1898816569589103,0.14942405000781328,-0.09369285130945457
0.2355645390721936,0.8784356004236651,-0.41416852197494847,0.08626685993666017
0.0,0.0,0.0,1.0
-0.07073126031479532,0.4299251257758461,0.898280037334007,0.19909356754122862
0.9673225913781084,-0.18959364564436354,0.16679719248723313,-0.09216707608196008
0.24140055399218224,0.8813085531308436,-0.402711106216185,0.0898439817721215
0.0,0.0,0.0,1.0
-0.09817018004856895,0.4050103348217152,0.9072777562629082,0.2001964367116361
0.9656967232765897,-0.18067652505574266,0.18499268495138735,-0.09197349394595727
0.23837555879175365,0.8948278417364453,-0.37372168104061254,0.0919752319753215
0.0,0.0,0.0,1.0
-0.11074223769904448,0.40001118569605876,0.9090348204679112,0.19509875804917706
0.9667702427113756,-0.16784488620654697,0.19143157547614947,-0.0929501886259141
0.2291256834348043,0.9003799071551956,-0.3683069979998608,0.09347624904137167
0.0,0.0,0.0,1.0
-0.11400512849683692,0.40140040927698695,0.9082390032297079,0.19199455479804134
0.968635505702476,-0.15700307527232454,0.19090175045384222,-0.09388733219405687
0.21903495511960713,0.9020583076796558,-0.3711315820116752,0.09507120734364319
0.0,0.0,0.0,1.0
-0.13111369206752513,0.38970746838165266,0.910764114875432,0.19624068735379552
0.9675290481777556,-0.14817101961910878,0.20253145288007018,-0.09336263463353384
0.21337703820216633,0.9086242619653022,-0.3578970907185276,0.09754489300397805
0.0,0.0,0.0,1.0
-0.14564127423236747,0.3760151867928839,0.9144074549262835,0.2063629322896448
0.9662657531555988,-0.14247314242933354,0.21227116008279062,-0.09149592602945855
0.20967350263228415,0.9153655363758754,-0.3426701319856123,0.10141853942978428
0.0,0.0,0.0,1.0
-0.14520540293317558,0.3692637905525038,0.9173521455924245,0.21304776297555533
0.9684097724561469,-0.13492857502856664,0.20751080094521457,-0.08990970614568652
0.20008488023122062,0.9192806033726122,-0.3381232004190071,0.10458259536710844
0.0,0.0,0.0,1.0
-0.14795133469779764,0.3622199990742093,0.9198823844554425,0.21234445478132113
0.9702945022470566,-0.1253856177669986,0.20543168014835791,-0.08906493731744118
0.189539228468306,0.9234623981896913,-0.33305261005403397,0.10581751484534777
0.0,0.0,0.0,1.0
-0.143951798985766,0.3571242661451968,0.9225426727016619,0.20539877917302163
0.9725865051725555,-0.11950188906741346,0.19791738047479446,-0.08936030533628339
0.18077664179902142,0.9262655601200237,-0.3301096489086712,0.10557530042856539
0.0,0.0,0.0,1.0
-0.1366444924957127,0.34843286833345677,0.9266241719174904,0.1960446996108739
0.9748616380093387,-0.11754044582320003,0.18767815635352691,-0.09095157425051488
0.17408085294601733,0.9294724922838591,-0.3235568436815895,0.10486159103562283
0.0,0.0,0.0,1.0
-0.1442175801996335,0.3169648712034828,0.9357250828911816,0.19327966737018226
0.9740522965965484,-0.12015652157638743,0.19052332586051451,-0.0916857918098084
0.17250955600959472,0.939269708678747,-0.2914541426288686,0.10545186132336778
0.0,0.0,0.0,1.0
-0.15691594754986526,0.2668056035647943,0.9487407567428359,0.1983875761870115
0.9734710656491892,-0.11796214345316795,0.19454221264204816,-0.09034564542192089
0.16340197628100384,0.9544021486846788,-0.2414054647893015,0.10727700504869678
0.0,0.0,0.0,1.0
-0.15762215136784494,0.23851721602606774,0.9565319266577001,0.203807615604375
0.9762613142189108,-0.1044699352585573,0.18705403183710123,-0.08859601617265975
0.14366242015519812,0.9639810644517233,-0.2165355833523447,0.10907744806680887
0.0,0.0,0.0,1.0
-0.1410712923538116,0.25262596964773637,0.9558656235696971,0.2051237754462678
0.9806544387264633,-0.09391588796164754,0.1693110337196425,-0.0878845134754315
0.13165055787953897,0.9619874435605867,-0.23455831760670426,0.11004618952048584
0.0,0.0,0.0,1.0
-0.1336634613031014,0.2734959587379468,0.951811287414848,0.20411218737005465
0.9814639859862075,-0.09437768037477863,0.16502729413788686,-0.0876605283801108
0.1347607227216419,0.9566906254368563,-0.2557357387484836,0.11012015268255362
0.0,0.0,0.0,1.0
-0.14721684899986476,0.2785439440085535,0.948162366131136,0.20470866776066404
0.9779867737576271,-0.09984221036965754,0.18122620055697344,-0.08691296809583796
0.14478948105400558,0.9546034307864155,-0.2576898188858245,0.10912770497267746
0.0,0.0,0.0,1.0
-0.159540948780939,0.27559160438686736,0.9468779202382087,0.20725647092742056
0.9756200739874392,-0.10072565367076484,0.1936096277492723,-0.0859504778564861
0.14810719368188244,0.9551953671881532,-0.2529115132966523,0.1078404086248194
0.0,0.0,0.0,1.0
-0.15466107829263864,0.2803048489644624,0.9464378274364766,0.20887547945389032
0.9773802441796353,-0.09462240495920571,0.1877061752439448,-0.08547712502918162
0.14162709027991452,0.9544683341725486,-0.25938238773425254,0.10728560739751408
0.0,0.0,0.0,1.0
-0.15438995223263063,0.2683165758088437,0.9498823245967729,0.2100970469288158
0.9791251334270161,-0.08513081673293349,0.18328036935786735,-0.08488953455477978
0.1295056695015973,0.958702694405319,-0.24968368219040085,0.10547409805838459
0.0,0.0,0.0,1.0
-0.16545937686361056,0.2417965464159187,0.9553636836382517,0.21024839305197685
0.9780930276132154,-0.08241634844999,0.1901902942564085,-0.0839752889822637
0.12429064965779024,0.9662153410494699,-0.2229841706496979,0.1008507826540926
0.0,0.0,0.0,1.0
-0.17222850333469825,0.23145301983213912,0.9572319282623276,0.20744131015615877
0.9766916046179361,-0.08517707660078787,0.19633095015339827,-0.08466733843610151
0.12690195460480944,0.9689014461626153,-0.2114550709498751,0.09754078633784118
0.0,0.0,0.0,1.0
-0.17608071968284467,0.23309410181381435,0.9562561485060765,0.20653156848101228
0.976481834100211,-0.079774802369417,0.1993109805170133,-0.0862781643286502
0.12275658834704437,0.9689828396567751,-0.21359249570218325,0.0985138493244781
0.0,0.0,0.0,1.0
-0.17423693659566442,0.23263976525204472,0.9566251373636264,0.20892992214257733
0.9782718865850679,-0.06789989836357155,0.19467566631262995,-0.08665394831651015
0.1101642758039269,0.9699464340581025,-0.21572620213570184,0.10124424245334582
0.0,0.0,0.0,1.0
-0.17067234921511848,0.22492147766131879,0.9588486931604601,0.21267868746117624
0.9794171610497223,-0.06587768506818012,0.1894954046423314,-0.08567262441953141
0.10554749788133419,0.9717553547375424,-0.2090516431259617,0.10342902409505117
0.0,0.0,0.0,1.0
-0.182584931688198,0.20569307977963858,0.9607391294897896,0.21228207081281888
0.9766654879884792,-0.0716046144277457,0.20060602224270047,-0.08517201879481856
0.10961933093254181,0.9755702619991566,-0.1879109923585437,0.10419733374997919
0.0,0.0,0.0,1.0
-0.20184255204682017,0.1904358585401968,0.9602900510914534,0.20738392943641076
0.9727632943371295,-0.07256056417432491,0.21876960948519214,-0.0857796112608869
0.11110623428690783,0.9788537364681801,-0.1707630744257016,0.10407669181715976
0.0,0.0,0.0,1.0
