0.07612649428908883,-0.11729663412059094,0.9930066209594657,0.25604388311147985
0.9930066209594657,0.10626950177029532,-0.06612649428908882,0.08468882041477821
-0.09631515869274179,0.99,0.12370712157696409,0.037909700569450644
0.0,0.0,0.0,1.0
0.05673329864683498,-0.10798153496565271,0.9946179832001687,0.25773446742407496
0.9946179832001687,0.10125125467575131,-0.04673196034058883,0.08275324269661405
-0.0917925042562045,0.99,0.11098681761887222,0.03749902808614562
0.0,0.0,0.0,1.0
0.04816366624007466,-0.09906151591606653,0.9953806784935852,0.25781700875327873
0.9953820167998314,0.09224392566604911,-0.038119347623874346,0.08077670202751158
-0.08470929704506157,0.99,0.10022997569688125,0.0371596601285193
0.0,0.0,0.0,1.0
0.050092652151139075,-0.08875021996457153,0.9969503987305801,0.2555293741498448
0.9969947173467806,0.08318691378120047,-0.03955407918317817,0.08094238971074441
-0.07776191667141495,0.9900013383062463,0.09175550261779103,0.03702110953610016
0.0,0.0,0.0,1.0
0.05304643554444808,-0.09109087074282453,0.9964991246887738,0.2521508860061944
0.9970390359629808,0.08399780627547912,-0.040672378010328525,0.08269611872262
-0.07942280338526464,0.9900443186162002,0.09750135819919765,0.03695199854102646
0.0,0.0,0.0,1.0
0.04954457470537849,-0.10290124056322875,0.9935465322336727,0.25018730555500596
0.9959662466902387,0.08828459566930624,-0.03613936990222487,0.08176183628776493
-0.08581922429029379,0.990539911274207,0.10931038971335574,0.0373086003844293
0.0,0.0,0.0,1.0
0.03680954937857901,-0.10219376471238475,0.9935895125436269,0.2509421523346839
0.9975789472371879,0.08093849511789501,-0.027350798959032203,0.07694731401750142
-0.08039724553744182,0.9924210527628121,0.1051533904431578,0.0393481191581241
0.0,0.0,0.0,1.0
0.029063048598715745,-0.09242139450725342,0.9970403742692269,0.2503205698299192
0.999460088725793,0.06839031780998442,-0.024977943397082147,0.0727902708976593
-0.06834599919378412,0.9940337533097614,0.09300562439766077,0.04217936867783753
0.0,0.0,0.0,1.0
0.024292484363252976,-0.08874606871175642,0.9994157701095927,0.24778659924152208
0.9999556813837998,0.06470929704506158,-0.021242883093833147,0.07224003151453498
-0.06470795873881542,0.9929596257307731,0.08879172563420287,0.04386248753033194
0.0,0.0,0.0,1.0
0.010945186649125745,-0.08896583437403238,0.9999543430775536,0.24652630840208928
0.9999986616937538,0.06116544142388117,-0.006908756726872158,0.0728874533465152
-0.06116544142388117,0.9929609640370192,0.08896717268027851,0.045721380817658856
0.0,0.0,0.0,1.0
-0.0074040076404376315,-0.08690875672687215,0.9999973233875077,0.24581399357040418
0.9999986616937538,0.05484913880129631,0.009826398709495934,0.0720930896929455
-0.054850477107542456,0.9940794102322077,0.08690875672687215,0.04662047275219546
0.0,0.0,0.0,1.0
-0.017927653829326304,-0.08246135646027403,0.9999556813837998,0.24440473332930354
0.9999556813837998,0.05457098797147604,0.01851188371973366,0.0721715620573812
-0.0546166448939225,0.9930066209594657,0.08246135646027403,0.046005796382474706
0.0,0.0,0.0,1.0
-0.023770010775726276,-0.0780718632827023,0.999460088725793,0.24376311674978093
0.999460088725793,0.05291362706388533,0.024354240666133634,0.072693577798493
-0.05349785695429269,0.9935451939274265,0.0780718632827023,0.04547149396784076
0.0,0.0,0.0,1.0
-0.039003655835405014,-0.0747951102969317,0.9975802855434339,0.24452313479484322
0.9975802855434339,0.04546931572598584,0.041424708598217175,0.07163059732966559
-0.048428941456758884,0.9970390359629808,0.0747951102969317,0.045208422945519196
0.0,0.0,0.0,1.0
-0.05651972490779219,-0.07044959399111902,0.996010565306439,0.24354257221904846
0.996010565306439,0.039739930640262176,0.060510497907599325,0.07185562960822589
-0.04614907979038916,0.9994157701095927,0.07044959399111902,0.0448528282719601
0.0,0.0,0.0,1.0
-0.04788305151101113,-0.06017995107729354,0.9975802855434339,0.24015419079073003
0.9975802855434339,0.03986014720980373,0.05034708458377746,0.07393907441802645
-0.046270634666176855,0.9999543430775536,0.06017995107729354,0.04343304455711842
0.0,0.0,0.0,1.0
-0.02346070794784103,-0.051813409706817415,0.9994587504195468,0.2382675216222886
0.999460088725793,0.04067674570746977,0.024540530496255118,0.07431177867416532
-0.04368069005444313,0.9999973233875077,0.051812071400571265,0.04094757831925605
0.0,0.0,0.0,1.0
-0.009845264028134217,-0.056275138697394755,0.9999113627675994,0.23996940552876278
0.9999556813837998,0.03573508005514951,0.012309297100900535,0.07298593697201372
-0.03685922121976391,0.9999556813837998,0.05623082008119444,0.039389257119015086
0.0,0.0,0.0,1.0
-0.013914942304254597,-0.06655837008404629,0.9994574121133006,0.24190433673354594
0.9999986616937538,0.033192130672108404,0.01790705361030787,0.0731546415073439
-0.035657502051120865,0.9994587504195468,0.06601845880983925,0.03926237665329514
0.0,0.0,0.0,1.0
-0.04000957355408764,-0.07299388168040627,0.9975346286209876,0.24179711015870353
1.0,0.03205440103466792,0.04247360662685396,0.0754334496622851
-0.0360465123407212,0.9975346286209876,0.07057416722384026,0.03958461642473019
0.0,0.0,0.0,1.0
-0.06413728475779297,-0.07453639027740157,0.9954263354160316,0.24173627194990277
1.0,0.0309482050060593,0.06521710730620706,0.07754296914996552
-0.033413576385071767,0.9954263354160316,0.07054695558384058,0.04084779291057952
0.0,0.0,0.0,1.0
-0.0629026369118013,-0.07430401063618133,0.9946193215064147,0.24287992460974955
1.0,0.031291558373213166,0.06536666998456761,0.07809926737510853
-0.032417037844073716,0.994620659812661,0.07188429617961532,0.042154770612851174
0.0,0.0,0.0,1.0
-0.044880074355035146,-0.08718022705942324,0.9930066209594657,0.24301023392678645
1.0,0.02797753108087581,0.048870847354842276,0.0782834772354054
-0.03102713235029564,0.9930509395756659,0.0866403157852162,0.04103765897623579
0.0,0.0,0.0,1.0
-0.032913119614559894,-0.09827656583182937,0.9930066209594657,0.24315038571416453
1.0,0.018346995755588996,0.03533417237737206,0.07815982553876671
-0.025341713102369483,0.9935465322336727,0.09823224721562905,0.04105442725588118
0.0,0.0,0.0,1.0
-0.029865705845152916,-0.0974834711055183,0.9946193215064147,0.2447971797591213
1.0,0.010813852808885804,0.030449935735560273,0.07739252504657362
-0.02018262768978584,0.9970390359629808,0.09748213279927215,0.04397813291158695
0.0,0.0,0.0,1.0
-0.025417474721634067,-0.09379476224755981,0.9954263354160316,0.24595705907920307
1.0,0.007631784803344499,0.02600170461204142,0.07663011286661692
-0.017000559684244534,0.9994157701095927,0.09379476224755981,0.04449848619735447
0.0,0.0,0.0,1.0
-0.007252462872428822,-0.08460946425021232,0.9975332903147414,0.24545448173358722
0.9999986616937538,0.013823344757246824,0.009674853941487125,0.07590689720268534
-0.02081538549153502,0.9999543430775536,0.08461080255645845,0.041835058526180455
0.0,0.0,0.0,1.0
0.01864703810230898,-0.06591355649212026,0.9994144318033465,0.24525437204788392
0.9999556813837998,0.03039021226176982,-0.014613284792547688,0.07503187215796085
-0.033351176298789025,0.9999986616937538,0.06595787510832057,0.040449511296548585
0.0,0.0,0.0,1.0
0.02816986865882594,-0.0428338505258823,0.9994144318033465,0.24578767085953684
0.9994587504195468,0.03375679341814898,-0.02521024292805289,0.07572655700098976
-0.03380245034059544,1.0,0.04337376180008935,0.04141055005452332
0.0,0.0,0.0,1.0
0.040008849660436066,-0.028077352841763527,0.9975332903147414,0.247463023058197
0.9975346286209876,0.025019574366828622,-0.037049223929663005,0.07633694289943829
-0.022645516832709076,1.0,0.030497067298329537,0.043126769883293864
0.0,0.0,0.0,1.0
0.07343916974778757,-0.02323209262512901,0.9954263354160316,0.24947537442014106
0.9954263354160316,0.021878817654515617,-0.06940541643802627,0.0748873123083815
-0.017890721267200788,1.0,0.02722152731868999,0.04403700178170952
0.0,0.0,0.0,1.0
0.10177278974379952,-0.013767636202194811,0.9946193215064147,0.2500774723465556
0.9946193215064147,0.016766227324183588,-0.09935173698098737,0.07227705983718896
-0.014346512867617577,1.0,0.01618735065876082,0.0440948720372046
0.0,0.0,0.0,1.0
0.11015340869958119,-0.0011711363933070084,0.9930066209594657,0.2488355106594769
0.9930066209594657,0.009869720763891357,-0.10961349742537416,0.07065105888956569
-0.009329809489684312,1.0,0.0017110476675140525,0.04403906732131778
0.0,0.0,0.0,1.0
0.094209894878681,0.007661742132124426,0.9930052826532194,0.2466409252654434
0.9930052826532194,0.0016946462481190246,-0.09416557626248068,0.07058132853098428
-0.0016516659381648592,1.0,-0.007618761822170261,0.04432466136547911
0.0,0.0,0.0,1.0
0.07507522487955423,0.009100333939244061,0.9945750028902145,0.2440305048084275
0.9945736645839685,-0.008205815693108109,-0.07507388657330809,0.07030632650651542
0.008162835383153945,1.0,-0.009143314249198226,0.04448134648749592
0.0,0.0,0.0,1.0
0.0793400195242896,0.007396455881478661,0.9948864241418246,0.2403629834320884
0.9948421055256244,-0.01426237966643485,-0.0793400195242896,0.06969729692191923
0.013722468392227807,1.0,-0.007936367155685705,0.044825444982209535
0.0,0.0,0.0,1.0
0.08939767760554868,0.012599870944224156,0.9951149141644215,0.2365074703449995
0.9945750028902145,-0.026460842786440553,-0.08939767760554868,0.06895225483248954
0.024041128329874546,1.0,-0.015019585400790163,0.046894625947114923
0.0,0.0,0.0,1.0
0.0909449029470109,0.017120492551671234,0.9954693157259858,0.23290653774123848
0.9930496012694199,-0.0485881924938041,-0.0909449029470109,0.06851549641444171
0.044598757800243125,1.0,-0.02110992724523221,0.04897592516823901
0.0,0.0,0.0,1.0
0.07683980144343533,0.012820974912746265,0.9975359669272337,0.23086278256156145
0.9935465322336727,-0.05774038577424591,-0.07683980144343533,0.06943257374629541
0.0553206713176799,1.0,-0.015240689369312272,0.04968624502263677
0.0,0.0,0.0,1.0
0.0550431674638954,0.0017070327487756101,0.9994587504195468,0.2309231457018998
0.9970390359629808,-0.043080047710679206,-0.0550431674638954,0.07244947088969639
0.04254013643647217,1.0,-0.0022469440229826543,0.049721886711630296
0.0,0.0,0.0,1.0
0.047724425920522034,-0.004389356843495087,0.9999556813837998,0.23232986555339288
0.9994157701095927,-0.022076850201891596,-0.047724425920522034,0.07618931870683515
0.02203253158569128,1.0,0.0043436999210486275,0.05069359994178124
0.0,0.0,0.0,1.0
0.05740415500847583,-0.0008043372971245763,0.9999986616937538,0.23456893578649327
0.9999543430775536,-0.0142651926130038,-0.05740415500847583,0.0790441882473514
0.014263854306757653,1.0,0.0007586803746781161,0.05405068309719142
0.0,0.0,0.0,1.0
0.061300926516936194,0.0007596769364830046,1.0,0.23668599416142716
0.9999986616937538,-0.02131466235780047,-0.061300926516936194,0.07984177432230263
0.02131332405155432,1.0,-0.0012995882106900485,0.05698784173983833
0.0,0.0,0.0,1.0
0.06183984122933837,-0.0024626947665201725,1.0,0.23763779053013684
1.0,-0.025193488730255065,-0.06183984122933837,0.07893974833290573
0.02514917011405475,1.0,4.298030995416524e-05,0.057451320382200965
0.0,0.0,0.0,1.0
0.06672226148638608,-0.00578327725601161,1.0,0.23920415878123907
1.0,-0.023687723330115127,-0.06672226148638608,0.07718053036473585
0.023147812055908084,1.0,0.0017938425624506324,0.05921742467964778
0.0,0.0,0.0,1.0
0.06914028485830313,-0.0034481851131077865,1.0,0.23901959271956896
1.0,-0.02452546738310624,-0.06914028485830313,0.07688980063701975
0.02210575292654023,1.0,0.0010284706565417794,0.06016223901258601
0.0,0.0,0.0,1.0
0.06897005470313541,0.0034508617256000813,1.0,0.2361743385568547
1.0,-0.03211230812369431,-0.06897005470313541,0.0768199972922926
0.02812287343013333,1.0,-0.003990772999807125,0.059988868456642336
0.0,0.0,0.0,1.0
0.06438681656507945,0.005870576182166088,1.0,0.23512966403298718
1.0,-0.038333270948686264,-0.06438681656507945,0.07341823623130983
0.03591355649212026,1.0,-0.005914894798366401,0.0614714969090116
0.0,0.0,0.0,1.0
0.05866144639809423,0.003498198698733948,1.0,0.23505412093278644
1.0,-0.039865705845152914,-0.05866144639809423,0.06942724767392436
0.03932579457094587,1.0,-0.0034995370049800954,0.060711984184441965
0.0,0.0,0.0,1.0
0.05605488392263934,0.0035425173149342603,1.0,0.23555439470943232
1.0,-0.03999598508126156,-0.05605488392263934,0.06503869333070149
0.03995166646506124,1.0,-0.0035425173149342603,0.0583348529628116
0.0,0.0,0.0,1.0
0.057043050881719244,0.0064561443788195925,1.0,0.23645715790013952
1.0,-0.04,-0.057043050881719244,0.06059701827247267
0.03999866169375386,1.0,-0.0064561443788195925,0.05721326205984366
0.0,0.0,0.0,1.0
