-0.2140906057946564,0.25786160209822595,0.9387845449904926,0.21353447644113588
0.9723740575341195,0.012768968203510327,0.21772845187322204,-0.060300357249002415
0.048446486805997,0.966409149150127,-0.25722903867287994,0.07792290584148029
0.0,0.0,0.0,1.0
-0.2206245225539077,0.27407906848776653,0.9345736645839683,0.21812240902396723
0.9715697202369951,0.01159749006576206,0.2282518033260343,-0.061452904547974516
0.05382750704402346,0.9629582874245268,-0.2710267906058544,0.075339640961964
0.0,0.0,0.0,1.0
-0.23591496387465438,0.2817438289768245,0.9290615048821051,0.22435918138972336
0.9679360254112445,-0.0008611897820196709,0.24838167355991297,-0.06252053589728196
0.07175536628371437,0.960539911274207,-0.2741635434333905,0.0743610858122902
0.0,0.0,0.0,1.0
-0.2359822738017513,0.27992241096200987,0.9287460687117565,0.22920114276887435
0.9662377170227898,-0.02458035611519907,0.25351957903523115,-0.06306574505776011
0.09529437612923564,0.959501730729501,-0.2675000198929516,0.07585360552349318
0.0,0.0,0.0,1.0
-0.21745972722945117,0.2839158025319829,0.9323230473866886,0.2323922511371448
0.9678406966476131,-0.0472158213153026,0.2399761087558947,-0.06297916906754425
0.1124730594720481,0.9574379615511099,-0.2668714133440174,0.07783022263471653
0.0,0.0,0.0,1.0
-0.19806444071578072,0.2949783744672352,0.9344254982541804,0.23781361749703767
0.9702589364638563,-0.06212584569623324,0.22639820077694645,-0.06251965019078037
0.12370823613599964,0.9540362825542155,-0.27426654195321154,0.07804506727706033
0.0,0.0,0.0,1.0
-0.2061322420713797,0.31735971769575616,0.9250107247063926,0.24863197238571552
0.9645181504053194,-0.07515680858685903,0.24398419232376783,-0.06275058534129588
0.14763505557900752,0.9460031902863257,-0.28995368826018997,0.07462710691668595
0.0,0.0,0.0,1.0
-0.2403492282680591,0.3568497422208495,0.8995997361056246,0.2608024538349447
0.9482916289449783,-0.08869419514396348,0.29296948298697556,-0.06576293164195315
0.18738207306457866,0.9281824025275207,-0.31781048109560356,0.0669544159170361
0.0,0.0,0.0,1.0
-0.2997969339041576,0.3669292571246607,0.8743812904931715,0.25906537872488083
0.9270112661342137,-0.06892259242988644,0.35171107314639927,-0.06387613640835621
0.1884434377041215,0.9214579425071603,-0.32648782930509523,0.05726343125724413
0.0,0.0,0.0,1.0
-0.3634535075931504,0.30964828949585166,0.8719090221725636,0.23540961238399633
0.913067624697176,-0.022605963881918437,0.38950302725684366,-0.05222064105399009
0.13621191435778712,0.9431976312651312,-0.28261461779181707,0.053904377108037096
0.0,0.0,0.0,1.0
-0.3704996004921892,0.23137086002533197,0.894054317015933,0.21021736945489602
0.918723652107974,-0.014617030235766474,0.3806993241242142,-0.046069180071389194
0.09990104165947418,0.9685516983047161,-0.21243660498844052,0.06289120604430593
0.0,0.0,0.0,1.0
-0.33070159492711015,0.17182616923530064,0.9225521811926876,0.194522106966773
0.9369072130102616,-0.027294337838809725,0.34002599314948345,-0.04713117949161007
0.08389497537312016,0.9829996457261201,-0.1572110680579889,0.0766633084205882
0.0,0.0,0.0,1.0
-0.2847365483905417,0.14886277386247937,0.9437084598832102,0.18451589487568051
0.9549306064239483,-0.031060795416813922,0.29466263252684866,-0.04835793802582468
0.07251558323296399,0.9881842554251317,-0.13723233358988907,0.08511836764593378
0.0,0.0,0.0,1.0
-0.25174129973237036,0.1642783812990622,0.9521874149255953,0.17862370763369012
0.9646997815333004,-0.029335788161225014,0.2618312752710172,-0.049444493416192024
0.06902549980549642,0.9868107513507486,-0.15114281940973406,0.08682594368322968
0.0,0.0,0.0,1.0
-0.2111750149779688,0.19068477554494664,0.9577507211089664,0.17619198924678214
0.9722800670767343,-0.042178665086389094,0.22239314659996842,-0.05057190753145529
0.08124271024690974,0.9818301313411741,-0.173190450621421,0.08360980285404235
0.0,0.0,0.0,1.0
-0.16587471640101967,0.21160149395053895,0.9631797441714518,0.1777756511033776
0.9779735161621373,-0.07180786210542976,0.18251650682655862,-0.05014972529202048
0.10691439365397161,0.9745293459677681,-0.19026294034863322,0.07939212105119645
0.0,0.0,0.0,1.0
-0.1311432412644248,0.22797070321556845,0.9632710469823832,0.18493320193888796
0.9772148247534977,-0.10978255817181354,0.15872352680785878,-0.047222648596287546
0.14104085715719838,0.965470654032232,-0.20590539032056673,0.07857903438263071
0.0,0.0,0.0,1.0
-0.09340794867343463,0.22918460347450345,0.965607830209936,0.19593741503225615
0.9750692572419751,-0.15424435623867883,0.13223815058637375,-0.043324440911291284
0.17764969737590908,0.9581658537400874,-0.20829296725122443,0.08181687082688852
0.0,0.0,0.0,1.0
-0.07030997917472852,0.22826286255440625,0.9689161625328475,0.20448577264675763
0.972552670305167,-0.18728677686438847,0.11667480970865518,-0.0413905261952417
0.20649081114918205,0.9530496012694198,-0.20565897669144367,0.08368511763028513
0.0,0.0,0.0,1.0
-0.06152766741255776,0.23704220168795254,0.9693271328771921,0.20753317135378108
0.9710798225484142,-0.2023145284367322,0.11152365249381932,-0.04198340295697511
0.22191024962361836,0.949958357996292,-0.2132785804044962,0.07913926155673631
0.0,0.0,0.0,1.0
-0.05409561727519972,0.2531810714437364,0.9669933790405343,0.206657651153899
0.9723753958403657,-0.20721250091940824,0.10759381597393367,-0.04362173446318225
0.22726083445434697,0.9465004629950199,-0.23152137566809466,0.06971459364080343
0.0,0.0,0.0,1.0
-0.047029347604296154,0.27061587830383627,0.9630482629631736,0.2053745216596382
0.9729082738389008,-0.21040173853469818,0.1064424411013965,-0.04374585496840505
0.23148423769560456,0.9405869065028996,-0.2529372456398373,0.0632535017429284
0.0,0.0,0.0,1.0
-0.06058549912036556,0.2729413968926524,0.9610798225484141,0.20663674874727145
0.9674889716985411,-0.22206665120124786,0.1239907039235192,-0.04216562542108103
0.24704305088171924,0.9365947951968464,-0.2513688637090885,0.06047912482075021
0.0,0.0,0.0,1.0
-0.0869198269892057,0.2610314890134754,0.9618811414886052,0.21206924273399086
0.9613899054937781,-0.23187276990668698,0.14933820313952556,-0.0403945364360412
0.2616070055775233,0.9375816238496801,-0.22968187618319758,0.059090643585330144
0.0,0.0,0.0,1.0
-0.10438243783397669,0.2513057722925954,0.961029808962788,0.21941210575276493
0.9591943243966292,-0.23340956146633335,0.16546092207614463,-0.040399340716677376
0.26721918141667744,0.9389215157578321,-0.21319395809083402,0.05708820755417139
0.0,0.0,0.0,1.0
-0.12739653599172815,0.253101949723097,0.9559662466902387,0.22491007940676463
0.9549334193705172,-0.23645247120452242,0.1898605690644945,-0.04120504769885773
0.2779308775966245,0.9375346286209876,-0.20655562439526606,0.05291389132400656
0.0,0.0,0.0,1.0
-0.13983289197240134,0.25762560072143925,0.9535895125436269,0.22964925647772935
0.9511268177771066,-0.24281963660650013,0.20382634158470078,-0.04105770935849547
0.2881462865957207,0.9359635700777464,-0.20687796854117152,0.05016208342308588
0.0,0.0,0.0,1.0
-0.1437367586907824,0.2566055016468156,0.9546139682814303,0.2338124621812522
0.9506245335878694,-0.2423213673360011,0.20624778699224133,-0.04097910867517005
0.2851990473656043,0.9369933790405343,-0.2068230798090787,0.04836008667624092
0.0,0.0,0.0,1.0
-0.14015264883152628,0.2609001551732354,0.954664831060823,0.2358208339323593
0.9522894352204574,-0.2339508110467865,0.2018623581927942,-0.03840238601431637
0.27475529571194934,0.9364104874563731,-0.21422777093839884,0.04624872158928939
0.0,0.0,0.0,1.0
-0.12693168397261378,0.2767359862932889,0.9523697008709398,0.2343982246810072
0.952371039177186,-0.22851624038291335,0.19294091097280666,-0.03356814453745847
0.2713057722925954,0.9324210527628122,-0.23398943469356098,0.04504950150696237
0.0,0.0,0.0,1.0
-0.1394604194362727,0.2968879876103359,0.9427851752465023,0.2308366432249892
0.9452062280093144,-0.22673029132386296,0.2128656242394263,-0.031203585410339414
0.2793714514933924,0.9281645154338414,-0.2506129962809793,0.044957793853490344
0.0,0.0,0.0,1.0
-0.16356378338527786,0.30787403614569087,0.9345861874187016,0.22756394541457275
0.9391571753901777,-0.22273515062691457,0.2393846877262591,-0.031368554456034425
0.28514501886123966,0.9260588988413778,-0.25429035490556656,0.04539380589417792
0.0,0.0,0.0,1.0
-0.1476170707375213,0.30254568403785986,0.9404527597160908,0.22521726819898993
0.9457891195934757,-0.21973289736459017,0.2204424023134473,-0.032207547123707325
0.2763205119177264,0.9276702610820808,-0.2534040608733105,0.04626614092565524
0.0,0.0,0.0,1.0
-0.12406337208673363,0.2939850780303813,0.9488745205291396,0.22206047305091894
0.9553320032142052,-0.21600253546896214,0.19356376450998847,-0.03492405520736548
0.26313858024626174,0.9305412495804533,-0.25182543293355314,0.047015847817925976
0.0,0.0,0.0,1.0
-0.12619516778298867,0.27579997341148305,0.9540295910229847,0.2179537196853869
0.9587415646805385,-0.21515640880009135,0.19131275855990248,-0.03930987592151784
0.25924433798225544,0.9348380906068858,-0.23508412597872091,0.046067453374824895
0.0,0.0,0.0,1.0
-0.14391565516394467,0.26290019645461554,0.9543370083898179,0.21551549463779374
0.957530613702249,-0.21276560810213554,0.20485830153465473,-0.04287499955796385
0.26026274597223015,0.9384717854326364,-0.22047512877306497,0.04347843851291183
0.0,0.0,0.0,1.0
-0.1666774537577063,0.28306650283525586,0.9442551990227246,0.21704077854890924
0.9560092270001929,-0.19641048745637316,0.22699591931895,-0.04455423628666852
0.2555161746206018,0.9366762517855368,-0.23907706814169488,0.0414010032063261
0.0,0.0,0.0,1.0
-0.1781422716769823,0.31392970018580896,0.9317123859737603,0.22432005694410245
0.9575789472371878,-0.1766515003137033,0.2389949425090456,-0.04440295586819846
0.24439920306573604,0.9321539501274023,-0.27150864742299685,0.039790389438250015
0.0,0.0,0.0,1.0
-0.17631550043718303,0.33459312087314363,0.9243603850425586,0.2321750850025326
0.9594157701095927,-0.1690723587001124,0.240304935130744,-0.04391841224390369
0.2388870543978342,0.9266417904255391,-0.29400889098273636,0.03799747843434303
0.0,0.0,0.0,1.0
