0.3681591622088568,0.13727737220781866,0.9194171084158389,0.2832687494707923
0.9288328785254316,0.022076644791526996,-0.3717500130587298,0.041645088111114656
-0.0756205004127074,0.987040374269227,-0.11946712200146496,0.09920630854215451
0.0,0.0,0.0,1.0
0.37013280848056274,0.15164998588747747,0.9176246041596343,0.2858825733424565
0.9252035513968222,0.037537305233479826,-0.37717184444354357,0.041388328851174244
-0.09399077299980713,0.9859662466902388,-0.12465393023445083,0.09611926560112702
0.0,0.0,0.0,1.0
0.37142170127524515,0.1574764378298463,0.9165988101155849,0.2881213435563069
0.9226080371157778,0.052898416582698254,-0.3807931527686375,0.04111726514887894
-0.10926057050413263,0.987580285543434,-0.12282265496343367,0.09339021495778019
0.0,0.0,0.0,1.0
0.3617065436362962,0.15384562502695265,0.9206728671228079,0.2888699474017079
0.9282088340500417,0.05361446942582501,-0.3711196371333966,0.041124078457114556
-0.10589988972754394,0.9895057456482395,-0.12057872929738458,0.09199024300889426
0.0,0.0,0.0,1.0
0.348614245759037,0.1433444847675583,0.927488971698541,0.2884689218230728
0.936409149150127,0.04057069945990769,-0.35614619776753226,0.04172449532810163
-0.08706848584243532,0.9905412495804533,-0.11796915949895767,0.09121082358996715
0.0,0.0,0.0,1.0
0.3403766563523849,0.12054392619294549,0.9336239739036247,0.2870324813801346
0.9411599408308584,0.02689938858314913,-0.345755996539724,0.04322710886275785
-0.06506658062948278,0.9930026060407271,-0.10242640598779676,0.09089173936855693
0.0,0.0,0.0,1.0
0.34257322297737713,0.0992391210913475,0.9349252531989638,0.28543403682004465
0.9409331418929104,0.01053287799853505,-0.34656399597718424,0.04483329711384519
-0.04259698892136726,0.9969503987305801,-0.08677508801858119,0.09138035809724585
0.0,0.0,0.0,1.0
0.36143958836892454,0.09131500410224173,0.9277990546439052,0.284381826151598
0.9353336832648926,-0.011027132350295633,-0.36094533401716394,0.04396085373953799
-0.021626425353851873,0.9988745205291395,-0.08436326706541541,0.09253784599253034
0.0,0.0,0.0,1.0
0.3782419571037934,0.08656966941713043,0.9211268177771068,0.2832370329030218
0.9300013383062462,-0.028283599107501358,-0.37237405753411956,0.04038889574943419
-0.005023394909164002,0.9975346286209876,-0.08710824238509132,0.09373538681649426
0.0,0.0,0.0,1.0
0.38936595090036963,0.07356132267866829,0.9177588983144815,0.2824783084467172
0.9247092970450617,-0.04021897451083568,-0.3830011203664429,0.034953041321310024
0.010165082340547728,0.9960092270001929,-0.08292742094707602,0.09516485026226733
0.0,0.0,0.0,1.0
0.39600205739044425,0.05311894402560699,0.916550476580646,0.2815806083141737
0.9195544209276194,-0.05001706337879791,-0.39304376996591733,0.02996657643066935
0.02473727228419326,0.9975802855434339,-0.06884853452169526,0.09680237198671537
0.0,0.0,0.0,1.0
0.3905410441700886,0.03752213834969548,0.9198616909264146,0.2806361785576539
0.9204472591230681,-0.05102015711695005,-0.3899568142796813,0.02548627754430737
0.028722339280612998,0.999460088725793,-0.053208748535829575,0.09798825679770522
0.0,0.0,0.0,1.0
0.3887736656936001,0.02815204882293528,0.9216458236007008,0.28092572617231626
0.9216914805231473,-0.03683697746290484,-0.3887280087711536,0.02076420002118865
0.019087800070549277,0.9999556813837998,-0.036976897510889825,0.09888496093561389
0.0,0.0,0.0,1.0
0.4065037650540684,0.03168300517059365,0.9127323376803458,0.28201895834284757
0.9127323376803458,-0.01283371419180565,-0.4065024267478222,0.014866352768562487
-0.00246938629775091,0.9999986616937538,-0.029757545065788232,0.0999992555857358
0.0,0.0,0.0,1.0
0.43888275577698094,0.031546410842043064,0.8960992025388397,0.28276164122499464
0.8960548839226394,0.011478270058025392,-0.43888275577698094,0.00658898397362669
-0.024338346696064037,1.0,-0.020069342756187162,0.1007534152096393
0.0,0.0,0.0,1.0
0.46598381751836204,0.030370872057247287,0.8835093942611826,0.2830507985288415
0.8829694829869755,0.023345812039842886,-0.46598381751836204,-0.003908207886820384
-0.03586373728289716,1.0,-0.013201704226196032,0.10115139739143546
0.0,0.0,0.0,1.0
0.4722688825482473,0.026751164211034704,0.882070802454063,0.28331460818481446
0.879651087997497,0.02955026967480433,-0.4722688825482473,-0.014349119855134759
-0.04034757369625692,1.0,-0.005769688783185532,0.10348268140547312
0.0,0.0,0.0,1.0
0.4613392370907883,0.014528007661521875,0.8875342868765463,0.2838140432830565
0.8835461904892314,0.03304558635068138,-0.4613392370907883,-0.021430881035040476
-0.03757493231844941,1.0,0.005469315725985831,0.1062654605889925
0.0,0.0,0.0,1.0
0.4600016800506874,0.0004999493211864329,0.8864574826850657,0.2835657512252037
0.8840820868447001,0.03842894145675888,-0.4600016800506874,-0.024549260718370627
-0.034933761114958495,1.0,0.018424584793579182,0.10643343413983636
0.0,0.0,0.0,1.0
0.46506188222186184,-0.0061074377866811354,0.8825140466583925,0.28232133272362364
0.8825140466583925,0.046590643944031285,-0.46506188222186184,-0.025866499427596567
-0.039100333939244065,1.0,0.027674481411183813,0.10630885971766543
0.0,0.0,0.0,1.0
0.45681589916536847,-0.014746913096069602,0.8856978057485828,0.27992252654878924
0.8880732015889485,0.050969077893231046,-0.45681589916536847,-0.026373737951411326
-0.04012042197990616,1.0,0.03603980977552891,0.10649072200815407
0.0,0.0,0.0,1.0
0.4474132100792765,-0.030365324455859627,0.8908013189401911,0.276767385924689
0.8947894153275059,0.05040280417279101,-0.4474132100792765,-0.024508152789951058
-0.03371816977137451,1.0,0.04776565892200008,0.10621537520334567
0.0,0.0,0.0,1.0
0.4515671799585793,-0.03904475068430717,0.8914810830045943,0.2734388089697607
0.8939007974611604,0.041106048660570424,-0.4515671799585793,-0.020233490044266247
-0.02129022006696702,1.0,0.050967534176620304,0.10632491137040577
0.0,0.0,0.0,1.0
0.4614324077252143,-0.04629027088683158,0.8884276031505128,0.27014902998970575
0.888968852730966,0.028348686840237943,-0.4614337460314605,-0.015497764170659942
-0.0051592327806218394,1.0,0.05145084197369957,0.10710589557007416
0.0,0.0,0.0,1.0
0.46062136786289753,-0.05527979109460466,0.888118858511395,0.2679086198174976
0.8882088340500417,0.017490446338863874,-0.46066568647909784,-0.012725314162400626
0.010397245537441814,1.0,0.05429697736050934,0.10660932774135906
0.0,0.0,0.0,1.0
0.4534941837799955,-0.06606010081354727,0.8894614270320391,0.26680763227350396
0.8900483335349388,0.014623336425153238,-0.45403409505420256,-0.0120689169052888
0.019323117958453578,0.9999986616937538,0.06368604327942773,0.10342755518371152
0.0,0.0,0.0,1.0
0.4486574314793558,-0.07196442549602117,0.8894627653382854,0.26626759068684014
0.8924667096852588,0.011076804191480535,-0.4510771459359218,-0.01128084223212162
0.025375325268600618,0.9999556813837998,0.0690047997652481,0.10032775774868971
0.0,0.0,0.0,1.0
0.44681723747161467,-0.07695341708751374,0.8881618388213491,0.2656527563820621
0.8951122375519294,0.003863306710267432,-0.4508053338589295,-0.01053983727088564
0.03205728305752482,0.999460088725793,0.07233677219359123,0.09863103081488198
0.0,0.0,0.0,1.0
0.4438659943567213,-0.08635546239020364,0.8889231958085195,0.2642600409077335
0.8977963780314129,0.0009926709902978066,-0.446241390197087,-0.010071263688900994
0.036583599634397744,0.9975802855434339,0.08097478389661844,0.09682513676377298
0.0,0.0,0.0,1.0
0.4387475433520792,-0.09155852467454634,0.8933622244931995,0.26239158795727624
0.9008511961917406,0.0020654492290783574,-0.4387475433520792,-0.009119169748538778
0.03734898257426814,0.996010565306439,0.08460812594396616,0.09509431062289829
0.0,0.0,0.0,1.0
0.44620310829475374,-0.08519369414061967,0.8924140194871402,0.2612370516633632
0.8978376782906795,0.009868382457645208,-0.4438277124543881,-0.007796561245709984
0.029503069035747124,0.9975802855434339,0.07869590775809206,0.09535485592242025
0.0,0.0,0.0,1.0
0.4631750347298693,-0.07116979808706086,0.8846210015571022,0.2615279581398722
0.8891973427535629,0.01635913556450082,-0.45918693834255453,-0.006839232850893929
0.02067990039847998,0.999460088725793,0.06766892277583463,0.09931176556749749
0.0,0.0,0.0,1.0
0.46855740430810344,-0.06085851316952738,0.8824254094259919,0.26197772310696255
0.8849350994212046,0.012414361231581418,-0.46613902815778363,-0.00588229846107038
0.02117247469955316,0.9999556813837998,0.05785189221006173,0.10461003700671745
0.0,0.0,0.0,1.0
0.4629629858321479,-0.061709709361267906,0.886453126021886,0.262279027381931
0.8875342868765463,0.007987582713481359,-0.4624673931741411,-0.005071528368169799
0.025467635675298424,0.9999986616937538,0.05758598051285985,0.10772133670048925
0.0,0.0,0.0,1.0
0.47125427303268486,-0.06766441874461673,0.881121122807681,0.26515174505755607
0.8835851558804473,0.010257392747245537,-0.4717498656906916,-0.006705368715663254
0.02507327216071351,1.0,0.0641608668208982,0.1121155778754614
0.0,0.0,0.0,1.0
0.481995879533047,-0.06631481694830052,0.8725694134690032,0.2690522898536682
0.8765601864688104,0.006591640505836168,-0.4844142556833668,-0.009447502918411173
0.02443816845695176,1.0,0.06084550122231469,0.11588529781865006
0.0,0.0,0.0,1.0
0.47053574898743045,-0.054079751976649014,0.8783001478949346,0.27221753423253103
0.8807198623515006,-0.007175870396243526,-0.4745251836809914,-0.011109871029590643
0.02968857874838986,1.0,0.04493108450246619,0.11672238599638067
0.0,0.0,0.0,1.0
0.45830301888382996,-0.046010907050880276,0.8876189091902085,0.27434772012239583
0.8881588204644155,-0.012682460428796134,-0.46072273334039593,-0.011845372824159404
0.03375960636471793,1.0,0.035743804415470454,0.11580976606186455
0.0,0.0,0.0,1.0
0.45407653924331237,-0.04743628150042262,0.8911669741065305,0.27508791113246245
0.8912112927227307,-0.01211264986813557,-0.4546164505175194,-0.014290627617458373
0.034436693816628956,1.0,0.0353293266017129,0.11362530174780193
0.0,0.0,0.0,1.0
0.4432486303786006,-0.04110858893898607,0.8963124820802495,0.2749732463038921
0.8963138203864957,-0.016545123355661478,-0.443292948994801,-0.01999530522534582
0.032327062305426944,1.0,0.02869021278866621,0.11099558873962106
0.0,0.0,0.0,1.0
0.44329061412674997,-0.022781012959725656,0.8968507133037691,0.27601635127638446
0.8968507133037691,-0.025329326601712897,-0.44329195243299613,-0.0285817126767918
0.028873182222893305,1.0,0.010405617119359958,0.11028434870774992
0.0,0.0,0.0,1.0
0.46094131909842545,-0.003676811469781346,0.887756074333951,0.2783676431179293
0.887756074333951,-0.027891570460967477,-0.46094131909842545,-0.03534736371215826
0.022110969817448162,1.0,-0.007891570460967478,0.1107006340428327
0.0,0.0,0.0,1.0
0.47550913031096825,0.011153249299627637,0.8787030884018023,0.27878694531186127
0.8787030884018023,-0.023316703904829657,-0.47550913031096825,-0.03706132322054366
0.013950605636421913,1.0,-0.019046294400917915,0.10799771835041815
0.0,0.0,0.0,1.0
0.48371147824014377,0.020805539269294068,0.8731435917268051,0.2768796174397309
0.8731449300330512,-0.021488263648304536,-0.48371147824014377,-0.03668148404090011
0.010994009296543953,1.0,-0.026550340246569413,0.1035487691415936
0.0,0.0,0.0,1.0
0.4856799186549034,0.023932711400703285,0.8704533848984398,0.2744316998778577
0.8704896736771632,-0.024524129076860093,-0.4856839335736418,-0.03533794379653804
0.011997041100447392,0.999990631856277,-0.02989525219235845,0.0995687243445871
0.0,0.0,0.0,1.0
0.4806186912504052,0.0262730405230937,0.8636826285617003,0.273762836114824
0.8639566281387054,-0.034260757658073855,-0.4807516470990061,-0.03441833706527386
0.018525382866847948,0.9996897696865978,-0.03316939908282567,0.09642760153329089
0.0,0.0,0.0,1.0
0.469150005780429,0.04905775660869123,0.7842256486912416,0.27584175425888036
0.7834058955025653,-0.03943516835644159,-0.4707697396030501,-0.03628966314019042
0.014034375563683739,0.9962206210805508,-0.025160749956620047,0.09337358153590294
0.0,0.0,0.0,1.0
0.4551647223396831,0.12182042486397193,0.47259232015489333,0.2786625553140639
0.46206346810905824,-0.027704927852443193,-0.4624238657093811,-0.04112745226625711
-0.027601147396644203,0.983061998804038,0.03393695149827005,0.08991110698877655
0.0,0.0,0.0,1.0
0.4505564600616403,0.17269652614444914,0.2100380591984272,0.2803678627400833
0.18852116549362738,-0.00671823553368609,-0.4625234258360771,-0.04771973321625217
-0.06974852650783434,0.9720739571450732,0.09809211697218288,0.08764864471117079
0.0,0.0,0.0,1.0
0.45623751161242515,0.1071594613538491,0.4755076272694661,0.28069386381261524
0.4615292518042771,0.01026576432916368,-0.4634509980596767,-0.053838766280890925
-0.05741000075690203,0.983061998804038,0.0643328587294657,0.08661747341648722
0.0,0.0,0.0,1.0
0.4674983398422641,0.020181556028864366,0.7906751015388304,0.27818083871409094
0.7874799525097884,0.0279348925153629,-0.4685338437744779,-0.05680997214786292
-0.03495106246756218,0.9962206210805508,0.028949448461288343,0.08412690389547553
0.0,0.0,0.0,1.0
0.4783789278711327,-0.019948127712262856,0.8705403751411415,0.272688527825272
0.8702758017501857,0.04522864461309695,-0.4755522579889606,-0.05530743583070849
-0.030028200898920138,0.9996897696865978,0.040449427006179046,0.08068214401021476
0.0,0.0,0.0,1.0
0.48506524232323667,-0.03403362411772389,0.8746589120799795,0.26777233786347787
0.8746522205487488,0.05500705153209538,-0.4786601080918481,-0.05208625286736665
-0.02933650102091505,0.999990631856277,0.05595342197738984,0.0812537078404697
0.0,0.0,0.0,1.0
0.4912582879514233,-0.03383486053465708,0.8716127005469492,0.2669569173350327
0.8716570191631494,0.055005713225849226,-0.4848491388012963,-0.04963763135559242
-0.02618354115038698,1.0,0.057643005844678366,0.08755679235691678
0.0,0.0,0.0,1.0
0.5000372853405284,-0.030684120727583024,0.8659219280740384,0.2684950908862452
0.8664605010419993,0.04518298769065049,-0.49707765960975525,-0.046652122629848414
-0.017202438252841123,1.0,0.051387434291650394,0.09683604154570338
0.0,0.0,0.0,1.0
0.5026951997078556,-0.03469957612293574,0.8624653713790125,0.26902432919544805
0.864839428913132,0.0273466477062171,-0.5021109698174482,-0.04146909349003511
-8.88426427652295e-05,1.0,0.046669560254306075,0.10599006208107503
0.0,0.0,0.0,1.0
0.5057850936407757,-0.03879124755568496,0.8591943243966292,0.2683280560615836
0.8625995291997829,0.007167829524805101,-0.5057394367183292,-0.03259749550387341
0.01839132540575085,1.0,0.039008678349909884,0.11396740199060407
0.0,0.0,0.0,1.0
0.5182503397196732,-0.03228288002330329,0.8538579534852828,0.2682017721793356
0.8533180422110758,-0.014929746196220048,-0.5182490014134269,-0.025457824357238517
0.03282011468501804,1.0,0.020851332525817185,0.12245820730243845
0.0,0.0,0.0,1.0
0.5250538413504234,-0.0326109191386346,0.8526951997078556,0.2682197466263797
0.8468259618319356,-0.04371281654638993,-0.5250538413504234,-0.024756580910910785
0.05537954559770366,1.0,0.005258918207432902,0.12879501784207054
0.0,0.0,0.0,1.0
0.52489332108342,-0.038957462792114234,0.8519684404147596,0.26679414119639333
0.8456036098808328,-0.066295591548375,-0.52489332108342,-0.025779630337778716
0.07643122400946822,1.0,-0.0021471112281333943,0.1299300199619537
0.0,0.0,0.0,1.0
0.5225916356963827,-0.036417178987603875,0.8504539506542987,0.26520443314845266
0.8474956632297718,-0.06899782453190252,-0.5225929740026289,-0.026541212066148623
0.07904749637308742,1.0,-0.006308467161511034,0.13025518589805507
0.0,0.0,0.0,1.0
0.5216210721288673,-0.030678562092233835,0.8495044073419933,0.2658492084220321
0.848920177451586,-0.05882117551365737,-0.5216653907450677,-0.02745567061364599
0.06940808201655702,1.0,-0.005729590496088266,0.13192313182133786
0.0,0.0,0.0,1.0
0.5248354139943936,-0.03421003121275766,0.8476286190783727,0.2674257924088239
0.8475829621559263,-0.050981817172290445,-0.5253753252686006,-0.02785465321911665
0.06402740352297182,1.0,0.0012557587069691911,0.1328783781287023
0.0,0.0,0.0,1.0
0.5273033256518218,-0.043172905272182885,0.846641790425539,0.2694308282479954
0.8466404521192928,-0.044692748257628354,-0.5297243784146339,-0.026588639518335982
0.06208906780503035,1.0,0.012778336347233358,0.13199134167923837
0.0,0.0,0.0,1.0
0.5206616715603594,-0.04454324362159419,0.851171136393307,0.2732272246069799
0.851171136393307,-0.029635741182233215,-0.5246967631763668,-0.024193284814427424
0.0496635110110003,0.9999986616937538,0.023428959713182266,0.1292326001610663
0.0,0.0,0.0,1.0
0.5080248680540097,-0.02687735023665466,0.8594614270320391,0.2779848591002669
0.8594614270320391,-0.004295502720186528,-0.5110314890134754,-0.0219998144604095
0.01849955526140348,0.9999530047713074,0.020516534621466426,0.12318614266793404
0.0,0.0,0.0,1.0
0.49596758499648486,0.011176636986329794,0.8664091491501269,0.2810994795734323
0.8664078108438809,0.023172699861818274,-0.4995570975401118,-0.019969018933767603
-0.02654478161122022,0.9993701131871462,0.0012430774702362132,0.11454078006412083
0.0,0.0,0.0,1.0
0.48663877206860545,0.05519537419130707,0.8699073478488609,0.2798706536121921
0.8698630292326607,0.045326855399585204,-0.4942177193057933,-0.015068491824697036
-0.06958071611606373,0.9964548060725735,-0.024306550914596967,0.1053227671343546
0.0,0.0,0.0,1.0
0.4763853942400983,0.09795682000666597,0.872368704309135,0.27343367516813427
0.871830131341174,0.058901293796101664,-0.4882195405000109,-0.005534962173209583
-0.10153964101906209,0.9905855681966536,-0.05442817486667261,0.09623135590455394
0.0,0.0,0.0,1.0
0.4712652631847689,0.12332512303355611,0.8738538022324678,0.26543802008830314
0.871478406392102,0.06707236442709709,-0.48516338403343695,0.003967992781509661
-0.11929706469322068,0.9865974718093387,-0.07311318179839243,0.08781516116409643
0.0,0.0,0.0,1.0
0.47960979877219173,0.11876699964125458,0.8707556620177446,0.2603734999319256
0.8673061385983907,0.06356325386802936,-0.4914426067258581,0.008466243706763816
-0.11633757529652428,0.9876715993883269,-0.07057471437864613,0.08185410399300624
0.0,0.0,0.0,1.0
0.49456662027433484,0.10739264637310483,0.862740856630302,0.2573289925662481
0.862740856630302,0.04789458881790104,-0.5021012488953224,0.009184468191778327
-0.10021763620458954,0.9900469952286926,-0.06752827883419807,0.07838173373403359
0.0,0.0,0.0,1.0
0.5082458356884552,0.10052350985481202,0.8556549617727052,0.25480219504010027
0.8591044851920591,0.03152286134237902,-0.511295436957875,0.008330858813836065
-0.08191876857357469,0.9929609640370192,-0.07043621092865754,0.07696116454355882
0.0,0.0,0.0,1.0
0.5077436878332944,0.088155996483885,0.8587071033205407,0.2536422585982928
0.8610824991609065,0.020415132631121186,-0.508330594336194,0.0056146090271940565
-0.062203621968587225,0.9969933790405343,-0.06698352178433187,0.0772465574526511
0.0,0.0,0.0,1.0
0.5005442679373868,0.06928147595474557,0.8653749835241593,0.2536102154375514
0.8659135564921202,0.011618190106010381,-0.5005899248598332,0.0016503243771614873
-0.042113782764017116,0.9994144318033465,-0.05322525372586008,0.07794211695425984
0.0,0.0,0.0,1.0
0.5012101017845227,0.04717466842407404,0.8663231885302187,0.25358591957533083
0.866367507146419,0.009205372591039715,-0.5012114400907689,-0.0013056321614322074
-0.029339666745886804,0.9999543430775536,-0.032598327227613404,0.07845531169480104
0.0,0.0,0.0,1.0
0.5059189097171048,0.025399903893510725,0.8630012677344812,0.25356978626305704
0.8630026060407272,0.011427190834306397,-0.5059189097171048,-0.0028610585354210214
-0.022603680452597995,0.9999986616937538,-0.013517424098659466,0.07899993053181764
0.0,0.0,0.0,1.0
0.5064051342313886,0.013416536699678912,0.8611281560833528,0.2538980299839987
0.8611281560833528,0.011434087775901738,-0.5064051342313886,-0.003369969240451511
-0.017580285543433993,1.0,-0.005837589462491065,0.07959816654588056
0.0,0.0,0.0,1.0
0.503314232702702,0.013830047322439101,0.8626023421463519,0.2545504007271665
0.8626023421463519,0.007162476299820511,-0.503314232702702,-0.00383444672486531
-0.012866973579633983,1.0,-0.01028753000750484,0.08032252342462964
0.0,0.0,0.0,1.0
0.5006106614129283,0.01824175169342874,0.8657501542022599,0.256145616464994
0.8657501542022599,0.0008001860443094793,-0.5006106614129283,-0.007492773889079048
-0.00819630018134688,1.0,-0.015867694159309192,0.0814082497499199
0.0,0.0,0.0,1.0
0.49124576511669005,0.01924553995442493,0.8715268762611175,0.25968364630333785
0.8715268762611175,-0.012297954170413704,-0.49124576511669005,-0.018353762752282118
0.002652355731978008,1.0,-0.01884695611073697,0.08271430846280076
0.0,0.0,0.0,1.0
0.4690999811608413,0.016586412580966693,0.8826925230953633,0.2618041599056791
0.8826925230953633,-0.032461356460274024,-0.4690999811608413,-0.030635926677145334
0.02215127351491003,1.0,-0.0247495897085619,0.08208535440371276
0.0,0.0,0.0,1.0
0.44405030209719454,0.018880226532526842,0.8942068654877859,0.2598110116892546
0.8942068654877859,-0.0526786509204223,-0.44405030209719454,-0.03525133745983779
0.040570357715466424,1.0,-0.03770775183297369,0.07815193529618243
0.0,0.0,0.0,1.0
0.4252282663558089,0.01784738817884382,0.9026786509204223,0.25685665107508615
0.9026786509204223,-0.06441880672294958,-0.4252282663558089,-0.03433564136581566
0.05199909226638358,1.0,-0.04353266005873178,0.07482241847184866
0.0,0.0,0.0,1.0
