0.14645748268506575,0.7487388880680463,0.6412624502381999,0.3301562255583682
0.6476232658533883,0.42063122511909995,-0.6387402263742924,0.10188088611198665
-0.7493701131871462,0.5112611119319538,-0.42291263050208044,-0.218026937000265
0.0,0.0,0.0,1.0
0.14359218915611918,0.7440337533097613,0.6460119036126852,0.33060211224201075
0.6483403042243583,0.4230066209594656,-0.6340794102322078,0.10164597189322713
-0.7470403742692269,0.5159662466902387,-0.4234468468068616,-0.21542374356764238
0.0,0.0,0.0,1.0
0.14422073766272686,0.7366417904255389,0.6539424394648684,0.33128008515042
0.650938495117895,0.4269920407342882,-0.6272273586221926,0.09980728355699744
-0.7436351694660734,0.5233595478807072,-0.41937145149339233,-0.21095997069145336
0.0,0.0,0.0,1.0
0.15063390173159227,0.7347633255494261,0.6581949618751007,0.3322276214329751
0.6483332709486863,0.4293191030397152,-0.6277699465088918,0.0965165307626752
-0.74413076212408,0.5252836696792665,-0.4130052826532195,-0.20678627124364374
0.0,0.0,0.0,1.0
0.15950976056697785,0.7401369707673394,0.6562251831540951,0.3329007957236424
0.6410314890134754,0.42864757422315336,-0.6371813599553048,0.09362905310448988
-0.7494627653382853,0.5204929160455145,-0.4082061574375494,-0.20471778445717775
0.0,0.0,0.0,1.0
0.16762594246588047,0.7469987322655189,0.6487805300717543,0.33321198464959023
0.6359152365428077,0.42227704871980076,-0.6471343647266122,0.09121012295150777
-0.7534978569542927,0.5165477999681538,-0.40591925146154617,-0.20381757020804042
0.0,0.0,0.0,1.0
0.17655047658064604,0.752419714456566,0.6369947173467805,0.3336234280977123
0.6328196366065002,0.40758028554343406,-0.6570903878548531,0.0881021752623922
-0.753590850849873,0.517040374269227,-0.4057792623372732,-0.20178349260212966
0.0,0.0,0.0,1.0
0.18999866169375387,0.7575332903147414,0.6236351694660733,0.333699524687159
0.6228652935289467,0.39319092869993894,-0.672958287424527,0.08396409252021877
-0.7571347064710534,0.5164561443788196,-0.39985867256948093,-0.1980794554864573
0.0,0.0,0.0,1.0
0.2034011898844152,0.7624223910690584,0.6141724041277881,0.3326687881526672
0.6065531531931383,0.388793063940449,-0.689858672569481,0.07979518129755325
-0.7670376976567348,0.5129582874245269,-0.38597159991522334,-0.19477324183844796
0.0,0.0,0.0,1.0
0.21169717549257314,0.7670846928854274,0.6099127010738455,0.3309872722238757
0.594854639394319,0.38883287852543147,-0.6987805300717542,0.07653774853526968
-0.7757779240310271,0.5104955926580068,-0.3749432766267197,-0.1929820574397988
0.0,0.0,0.0,1.0
0.21631382038649566,0.7711241411646145,0.604792091939998,0.3290877816416336
0.5914007593117854,0.3852406893693123,-0.7033598896251485,0.0740205695164558
-0.7786918928393537,0.5089644960677863,-0.37306615005685306,-0.19249122255476525
0.0,0.0,0.0,1.0
0.21636081561518822,0.778387299453051,0.5921526118211562,0.32697062401578636
0.5942260908877114,0.37452533104902963,-0.7088261869942007,0.07174962670821555
-0.7763608156151882,0.5051135758581754,-0.3821177976827556,-0.19291347938656397
0.0,0.0,0.0,1.0
0.2123753958403657,0.7880675066195226,0.5784816316548773,0.3249779389780185
0.6030079592657118,0.361928478461739,-0.7104429024598883,0.06954312931857824
-0.7699959850812617,0.501346925183824,-0.39861277111871424,-0.19389806023390305
0.0,0.0,0.0,1.0
0.20762861907837277,0.7923740575341196,0.5746649784288613,0.32285809217528416
0.613449523419354,0.35457232627772217,-0.7059219280740384,0.06708215464668686
-0.7634995370049802,0.5010768041914806,-0.41129289667945934,-0.1947482167442367
0.0,0.0,0.0,1.0
0.2037708019271666,0.7958762711515921,0.570532877998535,0.32020606039808547
0.6193660982684077,0.3458705761821661,-0.7036365077723195,0.06428532891350686
-0.7594627653382853,0.4971276731953814,-0.42035862189066736,-0.19513697055320545
0.0,0.0,0.0,1.0
0.20525891820743292,0.8011171078889425,0.5612126310289769,0.31770750010525495
0.6228226549634337,0.33237673414661184,-0.7052962035479612,0.06075897789368301
-0.7541264054609005,0.4929679973126912,-0.4288691673041549,-0.19537540779551477
0.0,0.0,0.0,1.0
0.21493475767676337,0.8030066209594657,0.5539854197748226,0.315179769499912
0.6258665612634277,0.3181605005151029,-0.709019862878397,0.05590461524288287
-0.7471360447772997,0.49650046299501993,-0.4339437777711146,-0.1959651237256878
0.0,0.0,0.0,1.0
0.22511457241998029,0.8065048196581996,0.5434938420355544,0.3116564450205812
0.6239880963873149,0.3059649083839926,-0.7175816238496802,0.04939434482490415
-0.7465504765806461,0.4975786054927466,-0.4353766635748467,-0.19696439314776285
0.0,0.0,0.0,1.0
0.22906016657585887,0.8140337533097612,0.528927210727258,0.3076703120148307
0.6189245341147656,0.2964104874563731,-0.7264991246887738,0.04363802482924352
-0.7504898976885809,0.4925610418870851,-0.43748897169854106,-0.19830297436304217
0.0,0.0,0.0,1.0
0.23817021040326722,0.8188785354478779,0.5181591622088568,0.30472120014952403
0.6175789472371879,0.28344684680686166,-0.7329166454208189,0.04243554770404247
-0.7488315402191853,0.49520656975375577,-0.43892151575783206,-0.19998610585195878
0.0,0.0,0.0,1.0
0.2559565368020744,0.8205842298904074,0.5093714514933924,0.3033545185368767
0.6165018013012661,0.2658749328453458,-0.7399973233875077,0.04438959856500252
-0.743498198698734,0.5053293266017129,-0.4376286190783728,-0.20227336193091938
0.0,0.0,0.0,1.0
0.26977271194957264,0.8241307621240801,0.4982862757199937,0.30289633347023526
0.6130039443469735,0.2499946467750154,-0.7469973939592728,0.045305734073242676
-0.7405855681966536,0.5092287857566271,-0.4372246820097002,-0.2046757890451325
0.0,0.0,0.0,1.0
0.27479243368443945,0.8325137049139513,0.48196730751887806,0.3025562062865478
0.6110328273197214,0.23394243946486837,-0.7525123666077052,0.043642443377991134
-0.739552740876932,0.5028173017384491,-0.4441334387365724,-0.20645920991943045
0.0,0.0,0.0,1.0
0.27865073994812506,0.841662372388134,0.46254984632463647,0.3026935789601628
0.6112942349857055,0.21421489532526278,-0.7587487453242487,0.040957783727185317
-0.738169868658826,0.4958212460854225,-0.45596055172081285,-0.20770861261826273
0.0,0.0,0.0,1.0
0.28528401142370774,0.8490158479596586,0.44206095623182207,0.30339126049891585
0.6079775310808758,0.19171070592307282,-0.7689701910372122,0.038432286721923906
-0.7391085001107977,0.4897660204183419,-0.46394243946486835,-0.2086800088870998
0.0,0.0,0.0,1.0
0.2915598629807925,0.8610811608546602,0.4131812188117746,0.30337600913578827
0.5983336126931276,0.16799153958989338,-0.783407881415646,0.03487651755511759
-0.7457944728184602,0.47469810148261293,-0.46824497546072696,-0.2093019453773535
0.0,0.0,0.0,1.0
0.28630946372331595,0.8759578751083206,0.38763867071097835,0.30221508207351644
0.590355945278175,0.15540158394419815,-0.7929552690675934,0.029574286485936296
-0.7555633061833711,0.4510328273197215,-0.4733085377332761,-0.20972390271334596
0.0,0.0,0.0,1.0
0.2700056949694259,0.88690608011438,0.37600353203076703,0.301015619846819
0.5817357991393476,0.15901149129647885,-0.7970917261610994,0.023959650957450417
-0.7681228734301334,0.4296000778500659,-0.47223005349110814,-0.21015872267754854
0.0,0.0,0.0,1.0
0.26023130296916586,0.8953766635748468,0.36093815337345375,0.30029994812668775
0.5633555329619688,0.16084817783480698,-0.8071817016997462,0.019328382906326737
-0.7824667096852587,0.4147133119638,-0.4622787287704882,-0.2105426608038329
0.0,0.0,0.0,1.0
0.25938096700515356,0.9045266693552758,0.3343052126083508,0.29931023928988454
0.5393651017066028,0.1501757887905169,-0.8241747389958392,0.014919797145421035
-0.7970430508817193,0.40009399045738525,-0.4503922340568985,-0.2107510654318454
0.0,0.0,0.0,1.0
0.25857661867406745,0.9118328079536664,0.3121999487942901,0.29779282575914623
0.5192277891948223,0.1392376464510247,-0.8400953287636314,0.01097853374180165
-0.8106285485066077,0.38655716811187685,-0.43805799110776134,-0.21132616970842755
0.0,0.0,0.0,1.0
0.2623959595465374,0.9169020651956415,0.2959551984958283,0.29498222658528794
0.4950913321013163,0.1329985911219888,-0.8571373830835458,0.007546920925234548
-0.8265034813519535,0.37776692815195834,-0.4180066392158891,-0.21306410403326065
0.0,0.0,0.0,1.0
0.2744879876661749,0.9193701131871463,0.27568661018613416,0.2904163759751459
0.4555886048100105,0.12811033956143858,-0.8806298868128538,0.0022641691305139077
-0.846367507146419,0.3713940677805547,-0.3832132089696448,-0.2155433076421849
0.0,0.0,0.0,1.0
0.2951179325213551,0.9195070839544857,0.2485979023819684,0.2870000358176785
0.40806368607718724,0.11621948818466915,-0.9064548060725734,-0.0050166175187972735
-0.8624153577933863,0.37108284090534766,-0.3411616208815458,-0.21833169804464236
0.0,0.0,0.0,1.0
0.3223105135179937,0.9187970788591875,0.21519369414061967,0.2850769610232622
0.3593670948302127,0.09232973891791924,-0.9293217796522075,-0.010018576803469513
-0.8716653907450675,0.37998211290632067,-0.30053823122351964,-0.2219233134109508
0.0,0.0,0.0,1.0
0.3392550809450714,0.9226510174257319,0.17412908207339262,0.2834802713742642
0.30189601022535095,0.06718170169974604,-0.9492734461172687,-0.01284764290093159
-0.8855623096215662,0.37993597790535627,-0.2548999545723243,-0.22655418169384067
0.0,0.0,0.0,1.0
0.3287666578968133,0.9351149141644215,0.1315004447385965,0.2837977539604005
0.2452809565539274,0.04893672623901914,-0.9657282521898422,-0.016547572871515846
-0.9085617609712833,0.3554581201635372,-0.2116444487816079,-0.23225826453491816
0.0,0.0,0.0,1.0
0.30510454945889365,0.9477060607483248,0.10276289497679644,0.28635781113327113
0.21457194802043417,0.03682977134030942,-0.975726913883596,-0.020627777089836638
-0.9270721590167326,0.3239486235467737,-0.19034853374521504,-0.23860330494881787
0.0,0.0,0.0,1.0
0.28757125914415227,0.9533608861869534,0.09266722446872383,0.28800144987375287
0.2088614140267536,0.032393282934045066,-0.9792277891948222,-0.023027126683332694
-0.9361808645378946,0.3036771532142226,-0.18818453198520718,-0.24528315589057884
0.0,0.0,0.0,1.0
0.27639393866893996,0.9535868359311346,0.09374120467967387,0.2875243824246746
0.21312652834800713,0.03615556591125529,-0.9787335348430617,-0.024339759201634312
-0.9393620833496692,0.29402389605355883,-0.19312251342926873,-0.25305634402628624
0.0,0.0,0.0,1.0
0.25290631008609854,0.9571333681648073,0.10018931922101659,0.2855544058868784
0.22930083768874773,0.04480462580869293,-0.9733555329619688,-0.02589233163064342
-0.9399503281588151,0.2729989622372376,-0.20983807235046248,-0.26160923141416587
0.0,0.0,0.0,1.0
0.2064022522085317,0.9669947173467806,0.10884139747538779,0.2826014930104836
0.2598765596631603,0.054717668626979715,-0.9623713809216272,-0.02812268677142462
-0.9399060095426147,0.2299944413646508,-0.242251955503526,-0.2707635217028202
0.0,0.0,0.0,1.0
0.15849619835266235,0.9752863462917588,0.1225086934334079,0.27867064625191756
0.29142451422181415,0.07138856718753193,-0.9504982692704991,-0.03075586948818554
-0.9387872216029849,0.18907908993682354,-0.27487671425366034,-0.2805864933532978
0.0,0.0,0.0,1.0
0.1353744650408724,0.9769503987305802,0.1431205568185057,0.2734468255791207
0.3206675719401498,0.09191595562700573,-0.9396427164155787,-0.03373764173072632
-0.9335408372642469,0.17474056330928014,-0.30075888578504273,-0.2898977481508226
0.0,0.0,0.0,1.0
0.12782487175383145,0.9765921185843542,0.15543608181704274,0.2675917572476425
0.3481784130876675,0.10231452843673217,-0.9293839853620871,-0.03712985718164944
-0.924760648936934,0.17351148193996557,-0.3259000260616206,-0.2962486939098551
0.0,0.0,0.0,1.0
0.08861513146565048,0.9811241411646145,0.14302305889170747,0.26250657063451377
0.36056184979947165,0.10259269030051398,-0.9256133197689973,-0.03948798299818668
-0.9231466100837387,0.133807487300024,-0.34419835757179107,-0.29948395148715257
0.0,0.0,0.0,1.0
0.01322827208279363,0.9888731822228933,0.1064037959251424,0.25885052085739063
0.35071302345223165,0.09358114096170873,-0.9316153771594414,-0.03980582715242603
-0.9310727892727421,0.05022165112332798,-0.3442095421002782,-0.30174117291644786
0.0,0.0,0.0,1.0
-0.06258249129987023,0.9933138909582606,0.06616442660565289,0.25572071006591623
0.34188866387675654,0.08136079735876486,-0.9352863462917587,-0.03887465518142115
-0.9351963707531119,-0.03540212790637033,-0.3412601153701489,-0.3043379237403221
0.0,0.0,0.0,1.0
-0.11404517976145977,0.99178715103122,0.04581115793997013,0.251355773278571
0.3463666579526523,0.08144809628491934,-0.9323337538366577,-0.03716360114243093
-0.931746847333758,-0.08982310379248677,-0.3493249453771792,-0.3072372300814744
0.0,0.0,0.0,1.0
-0.1432023551516374,0.9875332903147415,0.046071090965631306,0.2464576673909169
0.3553681446248904,0.0947133119638,-0.9282544909724881,-0.03519535092034183
-0.9252478700130224,-0.11611632395996396,-0.362944415249586,-0.3100508035803685
0.0,0.0,0.0,1.0
-0.16271895461788416,0.9830482629631737,0.052469386297750914,0.24362489195663994
0.35639514064110944,0.10824463371628565,-0.9272716772383929,-0.03482211921730372
-0.920231302969166,-0.13334750312449184,-0.36877053648147506,-0.3128912794164129
0.0,0.0,0.0,1.0
-0.17407405700722317,0.9805412495804533,0.0591861471911142,0.24265803055319402
0.3365335860487716,0.11617818792540238,-0.9341321004303262,-0.03630659918406179
-0.9241307621240802,-0.14470662043256927,-0.3529413968926524,-0.31492177812239736
0.0,0.0,0.0,1.0
-0.1830472664013688,0.9794614270320392,0.06155317144956175,0.2425594118564144
0.3059250937990102,0.11809963311146937,-0.9458719144884122,-0.037991415750197134
-0.9328679701414389,-0.1560995442832809,-0.32287281591709804,-0.3153881290310151
0.0,0.0,0.0,1.0
-0.2003035968244979,0.9770430508817193,0.05218439656866171,0.24280651807084425
0.2860234409195751,0.11267597430793,-0.9528652935289466,-0.03901985077273896
-0.9353333415204514,-0.17788388236793184,-0.301401442800668,-0.3152866911397082
0.0,0.0,0.0,1.0
-0.21620160109098982,0.9736365077723195,0.033449865163795195,0.24276518623043092
0.2843948464025564,0.09868520130812289,-0.9534981986987339,-0.04000748819431139
-0.9317110476675141,-0.19862399216004809,-0.29892285406407826,-0.31591352658137284
0.0,0.0,0.0,1.0
-0.21114191740310237,0.9741764190465265,0.016538431824430738,0.2423083598058287
0.2818860166350718,0.07922377427608376,-0.9565464616619077,-0.04145763584486318
-0.933232570703647,-0.19818496828482163,-0.29376314320493846,-0.31747244131211017
0.0,0.0,0.0,1.0
-0.1835246302212549,0.9800469952286928,0.0037745331437901517,0.2416015070377523
0.2629204549291927,0.05565165971365682,-0.9639867580810687,-0.04284472244227057
-0.9451135758581755,-0.17419749734406287,-0.27036778462402583,-0.31929057500598335
0.0,0.0,0.0,1.0
-0.1498406126288781,0.9864534677663274,-0.01418901095754771,0.2408733402427286
0.2470201268286113,0.02510499886589263,-0.9682003151000853,-0.043732400329672044
-0.9570734973229786,-0.14688668186753095,-0.24898722893712477,-0.3209306889395631
0.0,0.0,0.0,1.0
-0.12329155264622846,0.9898630292326607,-0.04194767129822332,0.24043370312157977
0.25347591842902817,-0.009696917766866828,-0.9663608156151882,-0.04415802744208423
-0.9596747065734489,-0.13216339656287562,-0.24913342048014897,-0.32283768758972986
0.0,0.0,0.0,1.0
-0.11232034529531099,0.991788489337466,-0.062152339153002875,0.24011635426702505
0.2795967177486911,-0.028150370590747112,-0.9604929160455143,-0.04446565934450839
-0.9522814053829805,-0.1296693278695791,-0.27053802581315506,-0.3250757607403951
0.0,0.0,0.0,1.0
-0.12589414721130976,0.9910271323502956,-0.06405897182615121,0.2396325201342055
0.2994505842479933,-0.022666389719880827,-0.9554719923384782,-0.04483102410840459
-0.9430509395756659,-0.1431062953523152,-0.2891888348375681,-0.3272064136779351
0.0,0.0,0.0,1.0
-0.156761392582486,0.9859649083839925,-0.06995222465382865,0.23912305763463598
0.3090101999985976,-0.01717423005103655,-0.9522425873598029,-0.04499266090825048
-0.9358764185196302,-0.17236386956743738,-0.2969932206385346,-0.3287855311254343
0.0,0.0,0.0,1.0
-0.16437429373034623,0.9835465322336728,-0.07276158214943552,0.23869170661932126
0.3190245507904999,-0.015824908225758088,-0.9489312256459963,-0.04449458777149947
-0.9324804344921613,-0.17916940402727793,-0.30773165411104053,-0.32985819198684463
0.0,0.0,0.0,1.0
-0.15549562140994821,0.9841210522359158,-0.06805497275082781,0.2382482871234352
0.31176846564406097,-0.01575448933596,-0.9495420344269629,-0.043182201169603064
-0.9360841394256907,-0.16839988033011055,-0.30482074352597316,-0.3308829395762406
0.0,0.0,0.0,1.0
-0.16617560063862188,0.9828723268046186,-0.04920657456320921,0.23764449537675164
0.29985472490853116,0.003567688822959301,-0.9494669856673883,-0.041581364636932815
-0.9369129770559752,-0.17111591695073447,-0.29935645563803215,-0.332011731827216
0.0,0.0,0.0,1.0
-0.17713723960742983,0.9818194248912049,-0.026409216407915694,0.2367137913505512
0.2993544498879979,0.030159010932333086,-0.9459548457174255,-0.040342466148091234
-0.933199267718416,-0.17251369777191194,-0.3042894129751259,-0.3330803641698451
0.0,0.0,0.0,1.0
-0.18890029930771984,0.9781078683593109,-0.019685945733300285,0.2356056548120648
0.31096651554689236,0.04551605091294958,-0.9386668106570404,-0.03960457781027016
-0.9243079693310926,-0.17766144216658666,-0.31956421251849615,-0.33396474338318566
0.0,0.0,0.0,1.0
-0.22841544017873827,0.9650372925629902,-0.026889734918811997,0.23449699344227387
0.3393625345751676,0.05680335267024924,-0.9280774891758402,-0.039197581841398266
-0.9025278752359307,-0.2146919061484176,-0.34757524720987104,-0.3347686708266942
0.0,0.0,0.0,1.0
-0.3029598182886769,0.9360949149519479,-0.05086767772138504,0.23340995160344252
0.32433944702850437,0.04723857784502712,-0.9360286578104831,-0.03895603782230206
-0.8814950242558233,-0.2992000755898823,-0.3262677200798788,-0.3356206209605592
0.0,0.0,0.0,1.0
-0.4133232028781566,0.893812432896913,-0.05815743856076663,0.23236557333950464
0.2794977953825686,0.058134170632311084,-0.9537955533990001,-0.03874540854378711
-0.854647022258894,-0.4142892624144541,-0.28265546469467917,-0.336572326533365
0.0,0.0,0.0,1.0
-0.49190035980397473,0.8638318747411646,-0.04584406636789491,0.23194176145914897
0.25758239666427446,0.09042255337954351,-0.9620138136350912,-0.03831304904692821
-0.8294352009198828,-0.48620811269074116,-0.27161762461435857,-0.3372799638950946
0.0,0.0,0.0,1.0
-0.5299514408052728,0.8462751386973948,-0.02428240335983991,0.23226199680543924
0.25509998024331004,0.12914555264949823,-0.9592587247485611,-0.03761365588889008
-0.8090870872108593,-0.5135678739839001,-0.28601423133869697,-0.33752933808263774
0.0,0.0,0.0,1.0
-0.5524240312534202,0.8345439199684375,-0.010838831220563581,0.23299315620269345
0.2575053150756097,0.15547809684857739,-0.9525554049599856,-0.03695601656571111
-0.7938213810044447,-0.5286669541331563,-0.3002712068798601,-0.3372896112058763
0.0,0.0,0.0,1.0
-0.5757936706330585,0.8194943557093877,-0.012949710432244157,0.23424164578964074
0.27042116934498833,0.17447488958588403,-0.9426740888468781,-0.03662931709972855
-0.7718653948865738,-0.546095040252063,-0.321740871854851,-0.33620790699918884
0.0,0.0,0.0,1.0
-0.6128514213540057,0.7905054499142092,-0.011752211592704155,0.23612922182599783
0.2985600698866342,0.22339279623457395,-0.920094343235788,-0.036837700055699474
-0.7287142839642509,-0.5653668173526059,-0.3744722770385468,-0.33390701788989396
0.0,0.0,0.0,1.0
-0.6347108192321927,0.7711530654187427,-0.001083826433190993,0.23829483249902872
0.3223988200399146,0.2737554556503463,-0.8983652135597481,-0.03764484187256957
-0.6978045657324461,-0.5700237549100287,-0.4250607388304622,-0.33052713727772703
0.0,0.0,0.0,1.0
-0.6260887485075999,0.7772724794237947,8.447494562398641e-05,0.24097294505333444
0.32394129553502526,0.27038544216599447,-0.9006337073551893,-0.03828006865531446
-0.7045397999990077,-0.5660925690499353,-0.4250504205948557,-0.32603491777960136
0.0,0.0,0.0,1.0
-0.6211893907103129,0.7805990986271532,-1.4856742843443599e-06,0.2438754701704486
0.32609771686455524,0.2666212737277322,-0.9010339712495646,-0.03772652712027208
-0.7098377416399828,-0.5616847889919165,-0.42433986834475174,-0.3207338526813951
0.0,0.0,0.0,1.0
-0.609259048855445,0.7882698847961168,-0.002160972369112788,0.24616568041168957
0.3302199240642757,0.2616275698221384,-0.8993841687045288,-0.03650468479834108
-0.7178671386656522,-0.5468520516100153,-0.4242369452441623,-0.31544929293929974
0.0,0.0,0.0,1.0
-0.5677229402462377,0.8188275363344084,-0.016496311742204808,0.24762827897926026
0.32359400554088324,0.2151275622992699,-0.9151507248646271,-0.03563297434786769
-0.7532168931779035,-0.5224280860384842,-0.39086701005156066,-0.3106885794997236
0.0,0.0,0.0,1.0
-0.541106422968453,0.8389905858458659,-0.01962181096496587,0.24854509049808637
0.3354809110752021,0.19932952898020312,-0.9162605830335713,-0.035755886388329355
-0.7684919748309257,-0.5043160664263582,-0.3904841165860769,-0.30615577538764416
0.0,0.0,0.0,1.0
-0.5391832181598926,0.8419795466514965,-0.007948617322265634,0.24913612928675266
0.35987639076564243,0.2217106263512668,-0.9016378152927036,-0.037069236985967126
-0.759213938549361,-0.4930980821723968,-0.42313485687096597,-0.3015211704425287
0.0,0.0,0.0,1.0
-0.5328051024721563,0.8465717022462206,-0.0026873062044552895,0.2495638838206255
0.3548210637409347,0.2187986409126442,-0.9044440107944158,-0.0389392275690732
-0.765507431923435,-0.4865265743025793,-0.4175197892550493,-0.2972364974543742
0.0,0.0,0.0,1.0
-0.5263959024217422,0.8490680600792591,-0.006240051890840816,0.24987063975723678
0.3252014109051742,0.19509784689370135,-0.9217063492598931,-0.04068638103867095
-0.782161638220438,-0.4910148821837157,-0.37949993198229426,-0.29363488964656825
0.0,0.0,0.0,1.0
-0.5247607180132219,0.8483374222015013,-0.006815899165368487,0.24959562572894095
0.30722066709096174,0.18394982551894318,-0.9312539312882436,-0.04186510042575332
-0.791700985000947,-0.4931006804931388,-0.3574464805010663,-0.29112786520366074
0.0,0.0,0.0,1.0
-0.519379926845946,0.851680464892178,-0.006239055329035927,0.24917476913678652
0.2964196612236931,0.1754535580899929,-0.936905083552575,-0.04232295764723898
-0.7999697589691053,-0.48696323074631354,-0.34269029588987,-0.2891828640784592
0.0,0.0,0.0,1.0
-0.5051364143166487,0.8599153086100499,-0.009018524572150828,0.24975223885239028
0.27817669652413335,0.15569365449576766,-0.9464051342313886,-0.04238793539645164
-0.8143506641204328,-0.47872592686027554,-0.31777663804012257,-0.2866992515298649
0.0,0.0,0.0,1.0
-0.4712117962801339,0.8782709034258447,-0.01660114498363586,0.2509756448616286
0.2710926981615501,0.12908861989350845,-0.9523267205609857,-0.04232564465897081
-0.836022621096616,-0.45421539888266593,-0.30193733915613663,-0.28360140458447947
0.0,0.0,0.0,1.0
-0.42822915056694527,0.8999987980278306,-0.02299740018378082,0.25260267516088397
0.2819321516360362,0.1119318679339213,-0.9505372346617148,-0.042208981925701064
-0.8546167812279992,-0.4158054211916409,-0.30637553698389586,-0.2803379035101832
0.0,0.0,0.0,1.0
-0.3535133876504414,0.9303183181932055,-0.03273603952616171,0.2563464698168618
0.2917931590735681,0.08312750338033238,-0.9500446603606416,-0.04274318227581486
-0.8809498850567468,-0.3458434683128019,-0.3072594564426204,-0.2773234620280757
0.0,0.0,0.0,1.0
-0.2616946567436371,0.9597536339176853,-0.053905326971263476,0.2622674830856391
0.28641766810008334,0.03152938002668633,-0.9563634922276805,-0.04376901015315207
-0.9151356507175166,-0.2638777150060527,-0.2881770493025362,-0.2747838197448865
0.0,0.0,0.0,1.0
-0.20311764931676357,0.973442684520085,-0.05345210021061633,0.26776404521483144
0.286247904989472,0.009471725853912736,-0.9587345314048665,-0.04381373856860006
-0.9344224798972469,-0.20574762495780585,-0.2800257401923106,-0.27188202373372794
0.0,0.0,0.0,1.0
-0.16455169738718486,0.9803492537469445,-0.007237093989242011,0.27232632785072175
0.31102177912531104,0.04245529426752169,-0.9499100244613533,-0.04297618286476444
-0.9357326088530218,-0.15221511956999673,-0.3087417120485767,-0.26831348359560736
0.0,0.0,0.0,1.0
-0.12289670001916408,0.9864037959251424,0.05101974629622084,0.2765450698273895
0.3313094819797393,0.08869669890953234,-0.9401426657367653,-0.04173833739939373
-0.9370863729361147,-0.094606409380432,-0.33485165755023233,-0.26414741917311524
0.0,0.0,0.0,1.0
-0.09287766169275719,0.9888288636066931,0.09864729052103846,0.28004306641737603
0.32419171304892525,0.12578065868584573,-0.9383928000460737,-0.04005101937467667
-0.9442150426933009,-0.05373583311784331,-0.3300626309755326,-0.2601453644898471
0.0,0.0,0.0,1.0
-0.08636770152282204,0.987487633392295,0.12992273117697145,0.2826210566643042
0.30088030432675383,0.1528380382915442,-0.9412611119319538,-0.038469948212588964
-0.9505855681966535,-0.041178022300940816,-0.31065068140827534,-0.25688377928987544
0.0,0.0,0.0,1.0
-0.0803631227292516,0.9854223204972934,0.144976605090836,0.284619229697688
0.2630990787342017,0.16429536638610986,-0.9488358968823649,-0.037473304666132475
-0.9588318819636266,-0.036913599309897654,-0.27424930967689576,-0.2539512647748796
0.0,0.0,0.0,1.0
-0.03084536488823803,0.9845280076615219,0.15861057258473982,0.2861978137438616
0.22363379464698044,0.16497540311866649,-0.9592247708378887,-0.03715327385074439
-0.9697646821120958,0.0063363368115080115,-0.22452797114867512,-0.2510748734637804
0.0,0.0,0.0,1.0
0.03988865196618393,0.9818341462599126,0.18332508652070933,0.28751092888414964
0.22071447261366925,0.17283518883212845,-0.9591804522216882,-0.037434885347004364
-0.971647161906947,0.07770157878502994,-0.20569255234482806,-0.2474124325714644
0.0,0.0,0.0,1.0
0.07270022563332254,0.9769503987305802,0.21079864232769874,0.28903770542057494
0.25359868631094684,0.18905313330018686,-0.9482476520732191,-0.03765453477806689
-0.962866973579634,0.12041614363784979,-0.2299290554848757,-0.2430082876741246
0.0,0.0,0.0,1.0
0.08025948361866216,0.9700443186162003,0.23376115008132867,0.29083479679444113
0.2858674104571944,0.2038551405387139,-0.9381631771275952,-0.03768628584804751
-0.9541280855115877,0.1396309351120545,-0.25788552271313886,-0.2397417563717551
0.0,0.0,0.0,1.0
0.08375340394596664,0.9635921891561192,0.2511049157646889,0.2925664355666073
0.3048714190710021,0.21411421333664682,-0.9301826276897858,-0.03803546710083884
-0.9501356324610932,0.15248961540152056,-0.2724114009169743,-0.23836301658072717
0.0,0.0,0.0,1.0
0.09203049875660109,0.9606325634253461,0.2626692827766993,0.2938358742977095
0.31266392955171474,0.22029656354882587,-0.9241844488840034,-0.03873249465068006
-0.9475843004621725,0.16533769818363103,-0.27571486912738064,-0.2386458899959257
0.0,0.0,0.0,1.0
0.10685923225372546,0.9600939904573852,0.2654529723489172,0.2952763124818746
0.311511871190295,0.2185509071532758,-0.923773478539659,-0.038568734603507786
-0.9454733306447243,0.17855506944005242,-0.27214577292188724,-0.23951334959851076
0.0,0.0,0.0,1.0
0.12071302345223166,0.9606325634253461,0.2587666578968133,0.29786333473291116
0.30460143441273546,0.2099404709026126,-0.9287984171654337,-0.03593636484704743
-0.9452075663155606,0.1870738390674199,-0.26527831645428185,-0.23931115806468883
0.0,0.0,0.0,1.0
0.1355952963412412,0.963590850849873,0.23891468789252468,0.3015851680978483
0.2879332124646755,0.19201128439063708,-0.9384316180692513,-0.030744101588213314
-0.9461005408450858,0.19258867538177554,-0.2515254016207947,-0.2363893580442919
0.0,0.0,0.0,1.0
0.1426716176447503,0.9700000000000001,0.20748910803261772,0.30527399131717314
0.26447847215441367,0.165072070188544,-0.9509411717303873,-0.02405962451268804
-0.9510838374671526,0.18868218295118933,-0.23447847215441364,-0.2310975487805525
0.0,0.0,0.0,1.0
0.13470513475828494,0.976409149150127,0.18400632522543547,0.307803500047408
0.24723157895129555,0.14647169660444798,-0.9583332709486863,-0.017484260080256137
-0.9589631577615401,0.17287098849837243,-0.22364072810142255,-0.22571952951012875
0.0,0.0,0.0,1.0
0.12470562387076439,0.9793687748809001,0.1726506756812906,0.30991117424466125
0.23524316057143996,0.14018530430227816,-0.9610314890134752,-0.011399239887107575
-0.9644850273515677,0.15721932878471562,-0.21461327375858613,-0.22018078698463545
0.0,0.0,0.0,1.0
0.12108383746715254,0.9799530047713074,0.16355288202046217,0.31239657861606185
0.21848665416938223,0.1359699198645359,-0.9659165748490538,-0.005683812893788206
-0.9677977163376589,0.14871245654552528,-0.1984839775568899,-0.21383418979332658
0.0,0.0,0.0,1.0
0.1203500448983846,0.9799973233875077,0.15131747530436945,0.31476869907449445
0.19881227830641302,0.128220878806257,-0.9728599403039621,-0.000745985634526171
-0.9715213867020562,0.1439892292831964,-0.1793508512743739,-0.20771962879173023
0.0,0.0,0.0,1.0
0.11471485568041076,0.9799543430775537,0.14463868324041698,0.31628340034218616
0.19916936751443115,0.12346620854086382,-0.9732668957295681,0.0036116216410250874
-0.9718328079536663,0.13839835868142283,-0.18158908197099716,-0.20247458986433176
0.0,0.0,0.0,1.0
0.10712632385517375,0.9794144318033466,0.15477585941812097,0.3171551339294249
0.21462482209943762,0.131724919842455,-0.9671691678310512,0.00806533402389974
-0.9699100244613533,0.1353378345177077,-0.19861425679299854,-0.19786036776855262
0.0,0.0,0.0,1.0
0.10587628218555348,0.9769947173467806,0.18094532298320243,0.31874256972360726
0.23148642519561738,0.15395060563642193,-0.9591916477841369,0.01259136800629156
-0.9670376976567348,0.14130529421407745,-0.21390480134593726,-0.19374018010019745
0.0,0.0,0.0,1.0
0.09977017167115695,0.9730052826532195,0.2107541873774218,0.3219287027020435
0.25138139757778327,0.1813840741902756,-0.9490601665758589,0.017000177007013215
-0.9630052826532196,0.14380392498091826,-0.23187565192954385,-0.190151278490975
0.0,0.0,0.0,1.0
0.09341223807882562,0.9705855681966535,0.22697950686559343,0.32617094015347764
0.2599459714956354,0.19756507506224694,-0.9440877818141259,0.021396020811996118
-0.960539911274207,0.14336658115637918,-0.23940606022142835,-0.1868212857265022
0.0,0.0,0.0,1.0
0.0886530748161761,0.9700443186162003,0.23277565973474107,0.33085530492889714
0.2613956004632039,0.20519671249755325,-0.9435394989580007,0.026151952207272566
-0.9594600887257929,0.14403241500351516,-0.2384359747324309,-0.18294835607061938
0.0,0.0,0.0,1.0
0.08040541170899536,0.9699556813837997,0.23762058924089585,0.33577623639121146
0.273271399760786,0.21161002393445685,-0.9394184467220849,0.03121317829095454
-0.9569973939592727,0.14197245533349806,-0.24681659368821254,-0.17789455076311517
0.0,0.0,0.0,1.0
0.07440758568161572,0.9694144318033465,0.24309659649811244,0.3398714004890967
0.2871621345553793,0.21551631095467844,-0.9335451939274266,0.03620720233293636
-0.953050939575666,0.13924701459474775,-0.26016741720859876,-0.17307211454992463
0.0,0.0,0.0,1.0
0.07403924286882253,0.9669933790405343,0.2511281560833528,0.3420637326945515
0.29259804352549856,0.22166672905131374,-0.9306285485066077,0.040982336474365645
-0.9511697980870608,0.1415295528736098,-0.26663045852901374,-0.17020375667999804
0.0,0.0,0.0,1.0
0.07978390751202123,0.9629582874245268,0.26251102830145895,0.3427650323156724
0.28891482422660136,0.2325096899952128,-0.9300013383062462,0.04535064116518066
-0.9530052826532195,0.14928697654776837,-0.2612445631445206,-0.16896713840092836
0.0,0.0,0.0,1.0
0.0854653008072474,0.9599556813837996,0.2745763411964607,0.34341042785787
0.28229393925167534,0.24399344961229943,-0.9294144318033466,0.049645743937403515
-0.956410487456373,0.15600655038770056,-0.2516653907450676,-0.16802047976487838
0.0,0.0,0.0,1.0
0.0927353560372792,0.9565004629950199,0.28542232049729327,0.34436141252182273
0.28260134558454697,0.25246269476652017,-0.9269503987305803,0.05437019164339682
-0.956410487456373,0.1657379620780064,-0.24672641273920118,-0.16714583088304474
0.0,0.0,0.0,1.0
0.09872248664865119,0.9505855681966535,0.29744599138858696,0.344584681436965
0.2908914998892024,0.26103818054470607,-0.9224653713790125,0.05843860787265086
-0.9530066209594656,0.17567288537923137,-0.24807453989519457,-0.16652521236691198
0.0,0.0,0.0,1.0
0.09313126326847487,0.9465504765806461,0.30837892787113275,0.34441985196844094
0.2934396661631514,0.2720154356434522,-0.9181645154338414,0.06117557643959748
-0.9512154550095073,0.17200712210386046,-0.25062136786289746,-0.1660036728517998
0.0,0.0,0.0,1.0
0.07958620567512498,0.9470390359629808,0.31511759077691387,0.3444031387334081
0.28277264137780755,0.2827435332427943,-0.9160092270001929,0.06322521822349943
-0.9536365077723195,0.15716649121855894,-0.24685338991626143,-0.16551996955059511
0.0,0.0,0.0,1.0
0.06376665067435147,0.9464104874563732,0.32206277261658606,0.34499168042788275
0.26471231540199514,0.29448516368564437,-0.9169503987305803,0.06524543028858742
-0.9600013383062461,0.14036144587119787,-0.23354519392742656,-0.16463677060991422
0.0,0.0,0.0,1.0
0.044537512139321556,0.9423753958403657,0.3356534871323824,0.3463181796367861
0.25323792392863154,0.3126468661729168,-0.9158705761821662,0.06765234330605661
-0.966409149150127,0.12512174202972892,-0.22318959039369274,-0.1623492640480343
0.0,0.0,0.0,1.0
0.03243626324399923,0.9375776089309418,0.35071134340154425,0.34760310807147665
0.2522976124259725,0.33066300986660546,-0.9099986616937539,0.07030241564528425
-0.969367436574654,0.11884942731286466,-0.22278919016524074,-0.15907548124783027
0.0,0.0,0.0,1.0
0.028932711320280698,0.9330052826532196,0.3603999221499341,0.34817413897469474
0.2520651074846371,0.3427283227616072,-0.9040837668953875,0.0724802874789702
-0.969907347848861,0.11785155046562046,-0.2238992537445496,-0.15699044145942812
0.0,0.0,0.0,1.0
0.03144091564120913,0.93,0.3635438556211804,0.3485197988007326
0.25220664032552076,0.34694638381184173,-0.9024653713790125,0.0738728918433088
-0.9694130934971004,0.12005536681061077,-0.2231921306721084,-0.15621850019319494
0.0,0.0,0.0,1.0
0.03851878066132901,0.9269947173467805,0.36960141615631203,0.3491241211860454
0.25843027976300503,0.3490171862659047,-0.9010284706565419,0.07452300610042341
-0.9669947173467806,0.12941577010959265,-0.223900933795237,-0.15602644905066637
0.0,0.0,0.0,1.0
0.04070866678905195,0.9224197144565661,0.3822452639722953,0.3499434910303587
0.2674846150353614,0.35583611482216826,-0.8953350215711388,0.07555321922662253
-0.9630052826532196,0.13694336545490818,-0.2291943243966293,-0.156685641855564
0.0,0.0,0.0,1.0
0.03744465308234077,0.9175346286209878,0.3948877624480708,0.35077898929923046
0.2693674365746539,0.3661032174575781,-0.8899543430775536,0.07749562936602544
-0.9605855681966535,0.1358749328453458,-0.23241703784407372,-0.15848078563565693
0.0,0.0,0.0,1.0
0.033041571431942945,0.9124626947665203,0.40749298661727956,0.35155469671954587
0.268835896882365,0.3805452644991917,-0.8840767336197155,0.0796185733753074
-0.9600456569224465,0.13649946643321503,-0.23524906095123044,-0.1609426916294311
0.0,0.0,0.0,1.0
0.030408293731852255,0.9074889716985411,0.41955006426443975,0.35244859204085327
0.27111710788894244,0.39654611991746636,-0.8759205897677922,0.08227235989935676
-0.9600013383062461,0.14098682865283377,-0.23757057565526973,-0.16324438111698536
0.0,0.0,0.0,1.0
0.02784169320941797,0.9018341462599125,0.43117247469955317,0.35335911054900937
0.2700469952286927,0.41058556819665354,-0.8699543430775535,0.08551350155315415
-0.96,0.14084965247512982,-0.23354519392742656,-0.16497582863682209
0.0,0.0,0.0,1.0
0.01978390751202122,0.8939894346935611,0.4465947951968463,0.3546505904958698
0.269508764005173,0.42650481965819964,-0.8634938420355542,0.0881893785975221
-0.96,0.13687161875438206,-0.2324657131234537,-0.16673075829630804
0.0,0.0,0.0,1.0
0.011668203691636545,0.8830039443469734,0.4669960556530266,0.35666887307602396
0.27452666935527575,0.4464534677663273,-0.8529623023432653,0.08987430911548049
-0.96,0.13866024442592476,-0.23793053585218318,-0.16932849637532837
0.0,0.0,0.0,1.0
0.016919952289320795,0.8735438556211804,0.4858705761821661,0.35892581896656733
0.27770606074832477,0.46340520480315356,-0.8435881742373808,0.09104137989641611
-0.96,0.15216064165863308,-0.23653358604877156,-0.17362984166800371
0.0,0.0,0.0,1.0
0.0285158986384721,0.8669960556530265,0.4999516664650613,0.3611351777232129
0.2739424394648684,0.47537666357484676,-0.83758162384968,0.09290194410055469
-0.9600013383062461,0.16487805255990648,-0.22439237520042865,-0.179366978463566
0.0,0.0,0.0,1.0
0.03740033446614045,0.8589228540640783,0.5134498651637952,0.3637096932254439
0.2665048196581996,0.48802486805400974,-0.8319281367172977,0.0964485034304906
-0.9600443186162003,0.1708985331648744,-0.20901584795965855,-0.1846295578336301
0.0,0.0,0.0,1.0
0.0446984432270542,0.8481658537400876,0.5287818683780003,0.36648436149420216
0.26309659649811246,0.501248578063259,-0.8251605710868681,0.10164713757670006
-0.960539911274207,0.17774938280272018,-0.1983498197361195,-0.18811701998891972
0.0,0.0,0.0,1.0
0.049767358724588,0.8395987395438198,0.5398156922595267,0.36757847901848584
0.26224526397229525,0.5104012604561803,-0.8190131713471662,0.10612782593681078
-0.9624210527628121,0.18443233715344926,-0.19189233705105374,-0.18976434079368779
0.0,0.0,0.0,1.0
0.045874591100904534,0.8375332903147414,0.5424667096852587,0.3646176778864707
0.26139258210627037,0.5130509395756659,-0.8174889716985411,0.10753085785285801
-0.9640337533097613,0.18184083779114324,-0.1925140466583925,-0.19057703802129283
0.0,0.0,0.0,1.0
0.03731867246708541,0.8352393510630661,0.5453462171335874,0.3587985737103998
0.264529345967768,0.5177659315901535,-0.8152836696792665,0.10713646347798272
-0.9629596257307731,0.17727167723839282,-0.2002616130763486,-0.19148479074262026
0.0,0.0,0.0,1.0
0.037147240339748214,0.8257806006435193,0.5572703389321467,0.3547275647798307
0.2659082032671357,0.5312154550095074,-0.8063661688401729,0.10630099070461081
-0.9629609640370191,0.18054709191791724,-0.1999334376269406,-0.19207257971012434
0.0,0.0,0.0,1.0
0.05211110615152482,0.8105842298904073,0.5769960556530267,0.35367917352315004
0.26273000281229464,0.5488771971416317,-0.7935908508498731,0.10494940658609393
-0.9640807485384539,0.1938096199503441,-0.18371549315888222,-0.19173819339572706
0.0,0.0,0.0,1.0
0.07429670469235602,0.7972286969284388,0.5951910175281274,0.3537538816405853
0.25810498633645396,0.5633568712682149,-0.7842677328914195,0.10314681720469027
-0.9630522778819122,0.2106588586137904,-0.16138856718753192,-0.19050926529615209
0.0,0.0,0.0,1.0
0.08576672846857838,0.7913081071606465,0.6056409532636877,0.3517369783541061
0.24631214033580823,0.5722814053829806,-0.7812637885444461,0.10161329710391484
-0.96413076212408,0.21280442612531308,-0.14292080770759552,-0.18944417760098547
0.0,0.0,0.0,1.0
0.08267998922666844,0.7906325634253462,0.6087805300717543,0.3479813424081911
0.22354787053991887,0.579367436574654,-0.783050939575666,0.10000863785916633
-0.9700443186162003,0.19923314241980683,-0.12727569215713125,-0.1896911288626918
0.0,0.0,0.0,1.0
0.07116176824958398,0.7923780724528581,0.6075762706246955,0.3463719980561059
0.20382081551279274,0.5840324150035152,-0.7869060801143799,0.09862164807688462
-0.9764104874563732,0.18183731198488423,-0.11960810768754278,-0.191683369632197
0.0,0.0,0.0,1.0
0.06310496808003059,0.7934468468068616,0.6065531531931383,0.34669386537897573
0.19642435963131408,0.5859662466902387,-0.7882876140262398,0.09834840217733562
-0.9793687748809001,0.17073224885215718,-0.11874438866106901,-0.19436926994615839
0.0,0.0,0.0,1.0
0.06422039591828559,0.7899060095426149,0.6101396473798317,0.3478310219416081
0.1944431799374951,0.5905869065028997,-0.7844810124328294,0.09895850462391652
-0.9799516664650614,0.16964940794680952,-0.11538201679983134,-0.1967607695666112
0.0,0.0,0.0,1.0
0.06476432211123107,0.7852853497299539,0.6152988801604535,0.3503543325571754
0.19215930335238693,0.597133026420366,-0.7783362893056198,0.09884404967070007
-0.9799530047713074,0.16938364361764585,-0.11286563527338783,-0.19947858785613742
0.0,0.0,0.0,1.0
0.06624855980683564,0.780347573696257,0.6226107137282699,0.3526413245103218
0.18906016657585886,0.603640522691058,-0.7739411011586222,0.09727986573117695
-0.9794144318033466,0.169252504153809,-0.11034757369625692,-0.20390215326327898
0.0,0.0,0.0,1.0
0.08000851894995635,0.7681559964838851,0.6382101723562879,0.35165701005105043
0.1911241411646144,0.6142193993564807,-0.7658235809534736,0.09533355108179033
-0.9769960556530266,0.1829238260645291,-0.10057571094045102,-0.20963274486781203
0.0,0.0,0.0,1.0
0.10242506768155062,0.7494587504195468,0.6564548060725734,0.3492429572379635
