0.014150021242258344,-0.11375214689604816,0.9929736653797523,0.16346099723023647
0.9996634796456548,0.0024703156030001254,-0.013946371245318364,-0.1047104245106803
-0.0007791950219852356,0.9932976776026422,0.11383042018916223,0.17463219035435884
0.0,0.0,0.0,1.0
0.021175633875952487,-0.09553822680765608,0.994240559813756,0.16336355919553963
0.9994846040578328,0.0023691516677618687,-0.020955160644744727,-0.1049409223861385
4.095218815153683e-05,0.9947137525980371,0.0956144709005926,0.17433125092697774
0.0,0.0,0.0,1.0
0.024741894045937296,-0.06707375180932333,0.9964082663050582,0.16237978571414236
0.9992362585062597,-0.0024957439037320613,-0.024837900267196657,-0.10614778183888485
0.004636049212091642,0.997032492490731,0.0670246558961596,0.17414363550353856
0.0,0.0,0.0,1.0
0.0476016933995068,-0.056012958461686205,0.9959887517912939,0.1600784929187166
0.9976681440847244,-0.004161037869326695,-0.047842888356504264,-0.10815777696497317
0.007361870476261535,0.9980713895671537,0.05611769289873971,0.17326525931646491
0.0,0.0,0.0,1.0
0.09472679421294286,-0.06340102523592023,0.9915832139600244,0.15978891117791372
0.9937482325655361,0.005285147765499749,-0.0943873612511581,-0.10824141346606089
0.0018317438004331321,0.9975650316226564,0.06431594263558509,0.17259399039710863
0.0,0.0,0.0,1.0
0.12828915375829836,-0.06915671493847882,0.9879071069496117,0.16043438929644144
0.9905634976558494,0.00908409309622613,-0.12763589243330398,-0.10721890833918138
0.0009552056640328493,0.9970473176994364,0.07023930018410683,0.17291168828382822
0.0,0.0,0.0,1.0
0.12133853122633312,-0.06159344388986627,0.9897415918094465,0.15916502983834907
0.9917960314041421,0.0005883493409743418,-0.12127498628209524,-0.10759331908084119
0.007694815043906213,0.9976154028054008,0.06148277757824733,0.172049168966581
0.0,0.0,0.0,1.0
0.0952145648779058,-0.052987617275100984,0.9932206938354083,0.15540558626172724
0.994580185092111,0.0011255296358325317,-0.09540520369416801,-0.10995354052340195
0.00430800759176216,0.9982203445486486,0.052544461069243736,0.16826315768057193
0.0,0.0,0.0,1.0
0.06715194604412505,-0.04300259308643346,0.9953618591892524,0.14923881422157115
0.9962936054806584,0.009547537165698998,-0.06699975870971497,-0.11330952668511807
-0.006911650711272034,0.9986059306547599,0.04336233912260219,0.16423625471228182
0.0,0.0,0.0,1.0
0.062018368918666814,-0.02811059283820087,0.994145833955443,0.1458955694492532
0.9949890455813009,0.008068993266779486,-0.061888979431830346,-0.11491482441413392
-0.008617287669739656,0.9988909520127864,0.02886735930963387,0.16337403059556793
0.0,0.0,0.0,1.0
0.05867793037736441,-0.02213613605518585,0.9914610219574078,0.1486280886108873
0.9926240145460455,0.0016815820524801524,-0.05884436738508379,-0.11335775075545969
-0.004907288021746439,0.9987430994019,0.022971514966477334,0.1649464411203698
0.0,0.0,0.0,1.0
0.0034331065420302176,-0.03865558109430296,0.9918870520196401,0.15377581313231214
0.993700996990374,-0.0045521785285265555,-0.0038319451512197067,-0.1105009540393085
-0.0003330668475685376,0.9981239800298636,0.03945678494351718,0.16732716937898257
0.0,0.0,0.0,1.0
-0.020324297442633817,-0.0355652879919771,0.9929872044012418,0.15570792091992428
0.9949327033120139,-0.006780397796738801,0.019844996194861096,-0.10901571722046799
0.0012071285212776374,0.9979896825576158,0.036322555993354495,0.1695507539032827
0.0,0.0,0.0,1.0
0.016962318474255965,-0.006123481653933824,0.9948675331689172,0.1519956897042855
0.9960621101021319,-0.0028910640379831215,-0.01726246735311998,-0.11059803756325692
-0.0011215226786843533,0.998764860818134,0.006641750305796983,0.17006356831488326
0.0,0.0,0.0,1.0
0.02696000085187185,0.007825707888124367,0.9977420950061888,0.14792657368393525
0.9982053219346068,0.000245375216146941,-0.027047564701860014,-0.11350532070061471
-0.0017139007383517111,0.9995238493428235,-0.007628348645599496,0.169577211267171
0.0,0.0,0.0,1.0
0.01964555663288495,0.007436897087926268,0.9989570380123478,0.14770772846935665
0.9991925871116181,0.0011775612657926406,-0.019629420973723517,-0.11484472892876282
-0.0011254034280908328,0.9997534033320086,-0.0073302337435544795,0.17001792803822832
0.0,0.0,0.0,1.0
0.03900870985628718,-0.0036574084418462558,0.9977123733625539,0.14865483178646352
0.998021364215152,0.002252227025278252,-0.038869184474962154,-0.1154984237112628
-0.000937414865640279,0.9996270318980056,0.003947123004453538,0.17150071286834062
0.0,0.0,0.0,1.0
0.05883023817088846,-0.01247642144106667,0.9963141416803184,0.14898474183848312
0.9966728615219995,-0.0020405227694765583,-0.05854290229777171,-0.11608862950101523
0.004153859669447453,0.9994032940213469,0.012871836619089173,0.17340141849302637
0.0,0.0,0.0,1.0
0.03321898951930147,-0.005851481606341971,0.997439779937101,0.1493802968739565
0.9975167200263244,-0.015097249121942902,-0.03299307087540253,-0.11622039130804138
0.016203819882022782,0.9994126843432467,0.006139676688082369,0.17514753610730285
0.0,0.0,0.0,1.0
-0.013201931786237736,-0.002012475756554016,0.9985209120274062,0.15015377920589718
0.9983537873140464,-0.0241204100910107,0.013170774670162817,-0.11557999051624568
0.024356954499435177,0.9994795687470732,0.002534588154597454,0.1765081591629265
0.0,0.0,0.0,1.0
-0.05082251538013599,0.0050943862769055725,0.9971994765308836,0.14936926175184795
0.9972461018318423,-0.02236467689270947,0.050770149232004756,-0.11548902211726163
0.023411202909649542,0.9993298738151464,-0.004285629901748006,0.17860833489225614
0.0,0.0,0.0,1.0
-0.07404227201712277,0.03147321800894791,0.9942431867274654,0.14720324467969842
0.9953540144399877,-0.018443618839977152,0.07476389778515909,-0.116686938889314
0.022101486454258957,0.9983219790398472,-0.030290094285169912,0.18250617380155337
0.0,0.0,0.0,1.0
-0.09029620026549383,0.07571853071706378,0.9886294001474933,0.1475782552586396
0.9927530992650759,-0.023076669817008934,0.09313321465388463,-0.11698595959897404
0.0331266139462585,0.9948394304499975,-0.07275736684750028,0.18607755255674266
0.0,0.0,0.0,1.0
-0.1302590450570173,0.12217164226580737,0.9796855629277174,0.14945429862846596
0.9876749250168919,-0.031046507218462076,0.13572239791827534,-0.1175510409557375
0.050586831637575255,0.9901562371678774,-0.11603994791526062,0.18597046597964345
0.0,0.0,0.0,1.0
-0.1655915648922835,0.15359609432857535,0.9713713617035418,0.15204466452281645
0.9831122301223527,-0.033158529615488985,0.17264330974662595,-0.11755623004449377
0.060191103916970676,0.9859982951438624,-0.14545964057472405,0.18681724659938193
0.0,0.0,0.0,1.0
-0.16925632598007645,0.20119486032871292,0.9609706078555582,0.15170726928533823
0.9822569253600313,-0.02769753782501308,0.1779557772842264,-0.11744349688815568
0.06181917768850705,0.9766377090969686,-0.19329422935675522,0.19025937876763616
0.0,0.0,0.0,1.0
-0.1518880803208948,0.2665309442845111,0.9478608793149251,0.148525658973483
0.9850411138416035,-0.020231566980670655,0.16269871077727177,-0.11802740362464822
0.06202778752937839,0.9610107626931305,-0.25997808577295456,0.19259958208954875
0.0,0.0,0.0,1.0
-0.1471722882388594,0.31625935762614343,0.935161682765564,0.14859979343071733
0.9858888511684666,-0.018402615168925635,0.16119758967083186,-0.11759369096825914
0.06881030719449069,0.9470662911100038,-0.3095348746033726,0.19371048976693334
0.0,0.0,0.0,1.0
-0.13722321442837299,0.34106348723487,0.928904691000546,0.15190284522528985
0.9864819027329015,-0.03125022462242245,0.15726202184589239,-0.11629797449985411
0.08256670492220182,0.938680585283121,-0.3327393722786589,0.19409211418803157
0.0,0.0,0.0,1.0
-0.11053466047689695,0.36762644073420037,0.9221003419039138,0.15337373486307304
0.9890294748738546,-0.046062557487987404,0.13682248105383174,-0.11585877295722852
0.09189169681949588,0.9278800439109043,-0.358945210650943,0.19374317482480058
0.0,0.0,0.0,1.0
-0.08096893660413033,0.40321649533861403,0.9102200068812392,0.15232997823399208
0.9916586543570534,-0.055415943614373867,0.11277636099072294,-0.11605060340690407
0.09500268382553242,0.9123837208057073,-0.39573434857316525,0.1933822884616429
0.0,0.0,0.0,1.0
-0.05506706021623131,0.4328287238349241,0.8988151554045993,0.15117249943218436
0.9924120449931308,-0.0711117154625926,0.09538240242516333,-0.11669937169606288
0.10490808805390056,0.8978252382207754,-0.4261476946497915,0.19329470511787997
0.0,0.0,0.0,1.0
-0.029421997716106294,0.4414212322487403,0.8956643487945213,0.15251569212498212
0.991870583651407,-0.09206859260502795,0.07811450681059191,-0.11719771511200439
0.1176740585878304,0.8918619594318948,-0.43584284605877555,0.19350437800767933
0.0,0.0,0.0,1.0
-0.007331656909291811,0.4369061872841847,0.898197217741514,0.1574001857666647
0.9915557969772212,-0.10715536665748301,0.06025948359340621,-0.11643770084990006
0.12372299595897984,0.8924094811889931,-0.4331142083007443,0.19391994376533833
0.0,0.0,0.0,1.0
0.0006692611305139026,0.4380368119597864,0.8977558568447386,0.16128464631388562
0.9908677573400265,-0.11562113897890995,0.05565019149565048,-0.1155226662724955
0.12923366939127334,0.8908213962224117,-0.4348557957765629,0.1941969111014416
0.0,0.0,0.0,1.0
-0.0008946628603443002,0.4404960772156123,0.8964592796146209,0.1648034217352257
0.9893773274019267,-0.12341821394843662,0.0616113143393677,-0.11477297594172708
0.13878500435111407,0.8886773496236593,-0.4364819036169079,0.19439388386269255
0.0,0.0,0.0,1.0
-0.014286010823208885,0.44882280687608966,0.8922809992227236,0.169982647852377
0.9884344209601175,-0.12238694456687342,0.07742649687804094,-0.11400364099091584
0.14474778546457126,0.8848262926484329,-0.44245343716592955,0.1944255928795828
0.0,0.0,0.0,1.0
-0.012573380069652177,0.45295736161318245,0.889943561094932,0.17410849275116083
0.988850777682101,-0.11834285580773647,0.07431640192180265,-0.11352215070905641
0.13946837115397875,0.8833331203797257,-0.4470252478726544,0.1942454690107276
0.0,0.0,0.0,1.0
-0.016078143955800706,0.44354422619057726,0.8932666827000211,0.17570834320469553
0.989123343145812,-0.10781080849897406,0.07148311862109485,-0.11367289568771552
0.1280529199202603,0.8890940269905043,-0.43878278502441437,0.1941478871221633
0.0,0.0,0.0,1.0
-0.06595405777631513,0.43688370845995783,0.8935322417279765,0.17602345785068735
0.9875922625549873,-0.0787156605876197,0.11134933056787269,-0.11399169139604172
0.11927609380482085,0.8950350832135301,-0.4290393518049585,0.19395136489598008
0.0,0.0,0.0,1.0
-0.1245845190725105,0.44977804240251906,0.8818073691285606,0.1759753593541064
0.9842487424957409,-0.042924545937708926,0.1606628934144968,-0.11419461610150135
0.11167152622670366,0.8907581824199402,-0.43908236985230986,0.19373722416791447
0.0,0.0,0.0,1.0
-0.16115871530596715,0.474570797194083,0.8633239229101851,0.1746117759950027
0.9801239498232056,-0.016986443165268414,0.19204795834868804,-0.11521129776961891
0.1075569511460612,0.8788145442628947,-0.4633438455898359,0.1931470743397058
0.0,0.0,0.0,1.0
-0.15501601651292052,0.4780768648875463,0.8612704187211546,0.17169589021072013
0.9800049057680289,-0.018665646493037372,0.18660695833616547,-0.1172294804180399
0.10775105800082635,0.8765067155336852,-0.46769579841266423,0.19223387435028452
0.0,0.0,0.0,1.0
-0.09306609365845891,0.4577265499886629,0.8789130876380906,0.17120337092599824
0.9850838934291379,-0.05708293098483158,0.1339666484405824,-0.11822992450052647
0.1145727601409409,0.8847305556352604,-0.4500819131678908,0.19198008915726078
0.0,0.0,0.0,1.0
-0.017739261258754017,0.44023314199097174,0.8933047068535923,0.17158352855887998
0.9883022134330983,-0.10449008386333204,0.0711979670777104,-0.11861450282279927
0.1270240276099888,0.8897110288893005,-0.43710636918172263,0.19179150653002702
0.0,0.0,0.0,1.0
0.005487219811977313,0.43714106475547515,0.8951651701242397,0.16983178393735132
0.988511415701905,-0.11741019316950269,0.05127395287775312,-0.12013576482877833
0.130603260812953,0.8897089833583928,-0.43584758538151547,0.19131572981060602
0.0,0.0,0.0,1.0
-0.03556620749863875,0.4511199269727645,0.8874829780024369,0.17020453259048143
0.9889824476026166,-0.09169653504989508,0.08630351907221895,-0.12037894210668465
0.12323367513579736,0.8855719638570014,-0.44581565610771345,0.19098561860576607
0.0,0.0,0.0,1.0
-0.07953160056559835,0.4679970075077162,0.8773925907245166,0.17259479067925504
0.9886334627599105,-0.0656835355870736,0.12495346596422019,-0.11923796727709347
0.1175116786127442,0.8795322447919636,-0.45852239658271204,0.19083468863796826
0.0,0.0,0.0,1.0
-0.11299544919810081,0.4856345130612292,0.8643357609211852,0.17294331855308626
0.9850184250668375,-0.050765876220872766,0.1574951839990681,-0.11871836850352654
0.12078862080059273,0.8713075997437809,-0.47334401396879744,0.1905603100967148
0.0,0.0,0.0,1.0
-0.13089073976443247,0.48536482396123726,0.8622106268239327,0.17183108107334166
0.9823970547785849,-0.04293477264008248,0.17328429253456562,-0.11899131927742884
0.12120996301533585,0.8724134136998901,-0.47221924184578523,0.19020062369102492
0.0,0.0,0.0,1.0
-0.09937400836361594,0.47239211578660156,0.8728645768578751,0.1697043800084942
0.9857525053554604,-0.05635010132822127,0.14264898132586173,-0.119675437455642
0.11763579001393809,0.878560112962177,-0.46209438339513753,0.18969071218922207
0.0,0.0,0.0,1.0
-0.051285647846462466,0.4657737853505518,0.8810155829035429,0.16680080315281054
0.989082244559428,-0.08528911941245693,0.10276726496395763,-0.12092796456283798
0.1238345581712241,0.8796151702776966,-0.4583545590862761,0.1893549937485934
0.0,0.0,0.0,1.0
-0.048735774877050414,0.47090472106313785,0.8782087535385967,0.1668874723042573
0.9879066265735932,-0.09420925558907983,0.10556316905326976,-0.12141750103447177
0.1330370947744502,0.8760175244830624,-0.46262250008506356,0.18960721193535512
0.0,0.0,0.0,1.0
-0.07552054973536806,0.46684063646455676,0.8781803295643276,0.1686428939367093
0.986276540912117,-0.0819639712285771,0.12855784175206153,-0.12140040594457283
0.13296627067646125,0.8792040514319888,-0.4561366875531684,0.189847644667478
0.0,0.0,0.0,1.0
-0.07638663303650228,0.46160961912487924,0.8815244226262853,0.1684882771548331
0.9874118354957723,-0.08008139777550397,0.12764718774048994,-0.12183198091103113
0.13080075291590734,0.8820244332677805,-0.4505712876457046,0.18990059886628108
0.0,0.0,0.0,1.0
-0.06427334724923724,0.47745744825063546,0.8745411353087078,0.16677616104439225
0.9875337427403077,-0.09048122593602861,0.1223531628635534,-0.12152337492203924
0.13859814764453826,0.8724904533642652,-0.4662117969068068,0.18968778298178418
0.0,0.0,0.0,1.0
-0.04312918976849121,0.4812648545713756,0.8734194688866048,0.16568056505650855
0.9867151103444451,-0.10869510788719935,0.10901297045414271,-0.12074642876611011
0.1491876333791402,0.8683956483621481,-0.47101311359870934,0.1892992338126168
0.0,0.0,0.0,1.0
-0.023178644287918576,0.46356785262051015,0.8835149347547828,0.16440225641671033
0.9877901361542676,-0.1170051646232379,0.08757606738784623,-0.1208535148818107
0.14598933309978504,0.8769296476344357,-0.4561618030240695,0.18897798234523275
0.0,0.0,0.0,1.0
-0.025447244166531265,0.44658559101686873,0.8924791065366317,0.16319458464771364
0.9890182816041864,-0.1121547156182937,0.08417145497056197,-0.12051665033229791
0.1391809577509786,0.8863610893697376,-0.43985848531834304,0.1887268896892747
0.0,0.0,0.0,1.0
-0.0308072395211905,0.4233926156277948,0.9039531197427713,0.16127909426978976
0.9895721784621014,-0.10954580944774941,0.08494584791274888,-0.11979616204136972
0.1359229540219602,0.8981427549329994,-0.4163724323536928,0.18860831131840863
0.0,0.0,0.0,1.0
-0.036955529082915856,0.40106337027187056,0.9143769058260124,0.16077853533801212
0.9908361472378958,-0.09943193625487104,0.08394422793171008,-0.11916218892546224
0.1250673086746269,0.9099367953788446,-0.3941257064958348,0.18890505370851293
0.0,0.0,0.0,1.0
-0.04233116894553609,0.3842192568597381,0.921417340821664,0.16043965856733233
0.9922597522297038,-0.08661094761961562,0.08188295219036126,-0.11915612350835689
0.11179421648448412,0.9186513540193796,-0.37784602005200535,0.18914364977820017
0.0,0.0,0.0,1.0
-0.04652910528914617,0.36401142263183106,0.9287684177710803,0.1587416702989911
0.9922124140625903,-0.08508380197026995,0.08284563035300466,-0.11999252302868157
0.1100328657328589,0.9264645634318784,-0.35770515715389883,0.18889384247092467
0.0,0.0,0.0,1.0
-0.05209008814380786,0.3281587770269668,0.9402873295440091,0.15873494777795794
0.9905205772634754,-0.09087069849799359,0.08643637542502855,-0.11935389408262177
0.1146324843091949,0.9386484384487137,-0.32113468421767744,0.18856917182284963
0.0,0.0,0.0,1.0
-0.09795846826386619,0.30260629457080396,0.9424061766224449,0.15953752368596252
0.9834590582055973,-0.08354908363758697,0.12927542518216106,-0.11796683150001785
0.11964849343503514,0.9481707768773288,-0.2909291322881437,0.1885328119643334
0.0,0.0,0.0,1.0
-0.176389398700735,0.30366744579808225,0.9299933646880704,0.15614449577251363
0.9716557706439115,-0.06755374577912154,0.20653205511989392,-0.11840498650929956
0.1277651339460789,0.9483747733482897,-0.28428544243162446,0.1882004827492445
0.0,0.0,0.0,1.0
-0.22852443578625295,0.274183324363636,0.9269178722743243,0.15276538819616958
0.9634489336737285,-0.05991068825237337,0.25476410644515346,-0.11912756055348028
0.12571437975213173,0.954421250183083,-0.2509101797246737,0.18765293933512475
0.0,0.0,0.0,1.0
-0.2657383928671555,0.2046271497687499,0.9341006498812945,0.15322803327474394
0.9547170384970188,-0.060314093712123304,0.28393142790137393,-0.11908726754701508
0.11541499655790538,0.9712871757755261,-0.17968580224984088,0.1856716309536583
0.0,0.0,0.0,1.0
-0.2846305701643312,0.15392638999168082,0.9399334023191677,0.15528377230120305
0.9488868778058195,-0.06680922083475192,0.2974734690336727,-0.1186655013707996
0.11287309584889596,0.9825795047840788,-0.12719797268792696,0.18303972435578336
0.0,0.0,0.0,1.0
-0.25304793396416697,0.11380440753738615,0.9560407010243221,0.15735779220355606
0.9586118427932728,-0.07748570925972968,0.2623733328115352,-0.11784209159131996
0.1083763061256933,0.9884071516809032,-0.08946600802413704,0.18298927963085126
0.0,0.0,0.0,1.0
-0.2146287512947942,0.08055295249443173,0.9706055217195886,0.1572290661570637
0.97052631605852,-0.07940825253340794,0.22087218417102406,-0.11741775040274807
0.09739044907134087,0.9919852940081569,-0.06090716192050208,0.1841983491119455
0.0,0.0,0.0,1.0
-0.18437509345347397,0.03340863110118566,0.97758553145799,0.15717126777689708
0.9773006073837183,-0.07914166464385947,0.18649367450877932,-0.11640142821141032
0.0882070312103963,0.9931159199448478,-0.01770140328776317,0.1870582169756949
0.0,0.0,0.0,1.0
-0.15671733293699686,-0.01793078699749875,0.9821507737132387,0.15702371844312646
0.9824686921517161,-0.07640644910619199,0.1548737858056508,-0.11564930504763521
0.07772457435900954,0.9934634208467763,0.030010531492472712,0.18932251358913588
0.0,0.0,0.0,1.0
-0.13703355067033152,-0.04896378412874594,0.9836022144042926,0.15701471480517726
0.9859439123492197,-0.06091345402144034,0.13457992439376026,-0.11530684552554649
0.05905556371177195,0.993458742394709,0.05797104381099494,0.18936768354938024
0.0,0.0,0.0,1.0
-0.08320433025202881,-0.09524810937269784,0.9856041165443903,0.15692624018811885
0.9919809659540109,-0.03589882282483171,0.08119141225142221,-0.11513180210582574
0.03308428307926303,0.991655903141621,0.10015391673141816,0.18770390978605633
0.0,0.0,0.0,1.0
-0.006720667154189401,-0.12686433695923013,0.9880898553535482,0.15447900536337303
0.9968033627060924,-0.010719916701822525,0.00577274385911193,-0.11578479854817607
0.011139354849999037,0.9906702456132603,0.12842018732404104,0.18604053981119179
0.0,0.0,0.0,1.0
0.05014929247336049,-0.12203754116301871,0.9896815745318718,0.15151832695087675
0.9973382205711163,0.0025994355600479717,-0.05011615176922497,-0.11659044094412968
0.002896024989908282,0.99211100172207,0.12229841116174123,0.18600885445395177
0.0,0.0,0.0,1.0
0.061893965024390735,-0.1166917480432676,0.9899850573616,0.14903436616700774
0.9970107210083199,0.007846438136472872,-0.061201385312626436,-0.1170230883315744
-0.0016727657118738668,0.9926162524554047,0.11663046650017997,0.18592793303341748
0.0,0.0,0.0,1.0
0.02269479964605731,-0.14011988724082067,0.9863904053491926,0.14824635607391592
0.9972931377296572,0.013535476007970936,-0.0206913531479477,-0.11623781930889955
-0.013588714256274172,0.9885964449349711,0.1400860855552768,0.18603210620676014
0.0,0.0,0.0,1.0
-0.039385380157536246,-0.19033980258488004,0.9762810393230777,0.1496719388733099
0.9967992867677508,0.010129074002336204,0.04219470410790141,-0.11468551225784654
-0.02102271829482103,0.9791146471193704,0.18993227824044107,0.18635475292629983
0.0,0.0,0.0,1.0
-0.07471911646684834,-0.2584445261038217,0.9574983294270134,0.1520044547162184
0.9960136601802378,0.0029909196501116554,0.07826238351658203,-0.1120824025556797
-0.02309162982587034,0.9612654118055142,0.25760367122074707,0.18800593849638475
0.0,0.0,0.0,1.0
-0.07691740460382798,-0.34149737308651906,0.931233672878563,0.15077542873613314
0.9957767828461064,0.002551403427985077,0.08315798159421317,-0.1119169618024812
-0.029703891986044197,0.9350853916774826,0.3403039534731146,0.18705001955446804
0.0,0.0,0.0,1.0
-0.07619334838630076,-0.39745285976744704,0.9106953813709778,0.1471621124956704
0.994172538757133,0.007573759948952165,0.08671100883922124,-0.11474439393212743
-0.04056612950179625,0.9156195551497766,0.39619261169557496,0.18224511378545982
0.0,0.0,0.0,1.0
-0.09956733567394134,-0.4132254349260944,0.898764477700491,0.14589299157960262
0.9884849347552274,0.0034024264559144902,0.1112582302319765,-0.11616832282109668
-0.04730234972843978,0.9089445359311032,0.41282677380711896,0.17922453249145665
0.0,0.0,0.0,1.0
-0.13973309326983577,-0.4228123688830696,0.8869664249539543,0.145465510440978
0.9820307107417741,-0.008394692457159382,0.15117818660090976,-0.11638866701533088
-0.053276804360572694,0.9033174990193564,0.4227136350120292,0.1785440383197861
0.0,0.0,0.0,1.0
-0.10071229876248095,-0.45963831600301797,0.8719815360322507,0.14490168996892955
0.9847152893616938,0.018560378772695577,0.12438301326042267,-0.11601311539994658
-0.0677506401708671,0.8834074477413862,0.4592494424251964,0.17831223928179918
0.0,0.0,0.0,1.0
-0.00573828871007368,-0.502091502250563,0.8573975672651271,0.14748117880025657
0.9905621364632945,0.07475168837340741,0.05111024886259754,-0.11286766341071228
-0.08601505425227149,0.858252537862164,0.5033282535407491,0.1811400509863128
0.0,0.0,0.0,1.0
0.04183620870888907,-0.5294500512475554,0.8449775382373641,0.1535087950773239
0.9923425702651929,0.10827586927780589,0.019050169482137176,-0.10778489416183334
-0.10093347676556189,0.8401697599201912,0.5317692978290549,0.18642930333928498
0.0,0.0,0.0,1.0
0.027321979904043135,-0.5486084720791111,0.8334998918326734,0.1557070709541415
0.9921407157387063,0.10559748938622371,0.03716851220646224,-0.10559206775126845
-0.10865831067721785,0.8284119614658709,0.548893252325766,0.18878803266555128
0.0,0.0,0.0,1.0
0.0025949438149214035,-0.5627568054243443,0.8238215428142366,0.1522396586592713
0.9908705706815122,0.09837917818575709,0.064544015372462,-0.10728263134262636
-0.11699914644927376,0.819172358111721,0.5606737647601583,0.18639002254741754
0.0,0.0,0.0,1.0
0.03373388373205824,-0.5735142882120398,0.8138308041668079,0.14783049546029625
0.9863779949906442,0.1305682533368096,0.051875627793593795,-0.1098211646611508
-0.13497936415441902,0.8056339285489025,0.5755457195429752,0.1830111989952723
0.0,0.0,0.0,1.0
0.0933357431416363,-0.5735887687154788,0.8097327644127172,0.1462197427885692
0.9806575590789388,0.1799039341032404,0.01486839360207293,-0.10976003827527472
-0.15343661558880356,0.7964390581235176,0.5835333124440225,0.18370961038524686
0.0,0.0,0.0,1.0
0.1208185596068689,-0.5744099895100723,0.8070937360730417,0.1472775364522077
0.9781023726538798,0.20321726611350366,-0.001314613592936444,-0.10860745904530808
-0.1622971178298978,0.7910740006352287,0.587801827702511,0.1857907530604509
0.0,0.0,0.0,1.0
0.12460650256857514,-0.592663517335386,0.7932245203981532,0.1486342938933969
0.9763999265565318,0.21069381944281884,0.004484566172317067,-0.10850819102701209
-0.16935738737301628,0.7757593808951027,0.6060787566506682,0.1854977400680357
0.0,0.0,0.0,1.0
0.09308223605615412,-0.6103551809777906,0.7827672238456296,0.14814077900182585
0.9763084364731615,0.1990813596908862,0.039195984364313013,-0.10948554875029895
-0.18030828721112263,0.7651884380460992,0.6174347083277436,0.18222455209571647
0.0,0.0,0.0,1.0
0.046231567701592514,-0.6220467268229252,0.7780130722805565,0.1460708977073571
0.9782965207118466,0.17535849938796674,0.0820608366969299,-0.11064400011026163
-0.1881969374076809,0.7616662101088548,0.6198267628315552,0.1778783387697002
0.0,0.0,0.0,1.0
0.023763009412308696,-0.6362823185755931,0.767861452489061,0.1459043643816913
0.9793693524765076,0.16091729386612622,0.10299615354047391,-0.11009458214886125
-0.1906709948954106,0.7526933257249104,0.629637931890112,0.17721603853868015
0.0,0.0,0.0,1.0
-0.014491211047830074,-0.6613399844764534,0.7446523948662018,0.14913828628175058
0.9788842418955988,0.1307317281858923,0.13500777914550288,-0.10853452394755725
-0.19059068169429444,0.7351373606278422,0.6494487179267148,0.1800371036464583
0.0,0.0,0.0,1.0
-0.0502095789831813,-0.6826554301386918,0.7242068215595698,0.14989160829897458
0.978121340777341,0.10268233347550208,0.16443992209182268,-0.10874791303068429
-0.19016042005137468,0.7202940189734883,0.6661083047026267,0.18111463789388915
0.0,0.0,0.0,1.0
-0.024041628304437263,-0.678167288913011,0.7302108571907981,0.14817064543459602
0.9788460258048802,0.12249025812490043,0.14588013831447388,-0.10975687673720413
-0.1908910756000634,0.721968076480362,0.664507743553072,0.1805688420834417
0.0,0.0,0.0,1.0
0.02968571774325746,-0.661672183787007,0.7466068616106816,0.14974534726186556
0.9790141459802485,0.1636303585544232,0.10600900253413101,-0.10927690973773445
-0.1935632380445067,0.7300991593477754,0.6550143043280892,0.18061020832013497
0.0,0.0,0.0,1.0
0.054226320165037395,-0.6478676408918491,0.7581713959507625,0.1526253287213432
0.9775441394644719,0.1850171896023614,0.08813875668872746,-0.1087613250148251
-0.1978935032057174,0.7376832969726325,0.6451655313090786,0.18062740841679825
0.0,0.0,0.0,1.0
0.029776448401152476,-0.6460260900439961,0.7587173433307337,0.15475762194941084
0.9770587431244478,0.1675292818616469,0.10436466793568647,-0.10895465438800891
-0.19555287599694612,0.7416209841866467,0.6411972769179779,0.179961205760349
0.0,0.0,0.0,1.0
-0.019986291859328868,-0.6577709100164464,0.7487975510567759,0.15592478263405024
0.979498032571421,0.12524177442627718,0.136335674197576,-0.10952039809678729
-0.18449979312007347,0.7394811725084338,0.6467063237478645,0.1793518410615469
0.0,0.0,0.0,1.0
-0.03171296506924847,-0.6654581067486697,0.7438691434083504,0.15501041507225902
0.9826519742797577,0.11002408477135663,0.14080423928903626,-0.11038489075148886
-0.17589163262213695,0.7368012257524632,0.6520421917098744,0.17947263797625712
0.0,0.0,0.0,1.0
-0.016890349765041515,-0.6519343129199997,0.7566842719623148,0.15349424665802647
0.9860376660913469,0.11066579651699404,0.11831279522974357,-0.11064341595036531
-0.1612915272356204,0.7490135945120739,0.6413144784036295,0.17966557879599282
0.0,0.0,0.0,1.0
0.0027545133374300024,-0.6282928690281845,0.7762981243139224,0.15063113626671842
0.9892938068161059,0.10806136956808558,0.08475262746384479,-0.11084999734512713
-0.13772333065840098,0.7695906522051514,0.622299145585272,0.17943840399428063
0.0,0.0,0.0,1.0
0.04054869819508024,-0.6112924501693416,0.78856776544754,0.14695595189293315
0.9911830732090566,0.11385119697581023,0.037610727788876155,-0.11169372849759543
-0.11341682723748922,0.7827758603463059,0.6112486428835125,0.1790589925054646
0.0,0.0,0.0,1.0
0.0698248779069955,-0.6020521510740686,0.7944670040082269,0.14901870736438866
0.9922010935050527,0.11763280808024873,0.00206478788017549,-0.11130379272974408
-0.09498576512664218,0.7895135928514274,0.6060711446415445,0.17929344246928453
0.0,0.0,0.0,1.0
0.06490805494463048,-0.5987422333198602,0.7977688555735438,0.1505269956036086
0.9938301556701389,0.10661769225284232,-0.0007956128349611378,-0.11088002490531879
-0.08457390841687035,0.7935562636906685,0.6024538716044472,0.17991627109273123
0.0,0.0,0.0,1.0
0.05121874721962433,-0.5964373310615432,0.8004545087871762,0.14884221728233477
0.9954904263376767,0.08974825708192682,0.0033370469535458627,-0.11099833724934546
-0.07358238898864022,0.7971787728049755,0.5987752506743673,0.18064338333917107
0.0,0.0,0.0,1.0
0.038772492292989104,-0.5831186237715105,0.8094467870894506,0.1494113156347473
0.9967374918712444,0.06782036478597225,0.001943079374572461,-0.11052348936517375
-0.05468649966491816,0.8076868884721498,0.5850254384526921,0.18133578005968004
0.0,0.0,0.0,1.0
0.0005057900070316555,-0.5379143545619872,0.835132871824813,0.15091889539785286
0.9962248714609756,0.031878493977773356,0.021584547576573323,-0.11020757558478997
-0.032373446395033034,0.8362403263370367,0.5400422899438977,0.18114452653910265
0.0,0.0,0.0,1.0
-0.08741651407064455,-0.4426470417581768,0.871817880018306,0.1498396217520464
0.9859597181433681,-0.020653257268414046,0.09078584261297025,-0.11141037481107925
-0.0051072148458837854,0.8827837516415528,0.450269762053114,0.1787798994935746
0.0,0.0,0.0,1.0
-0.22232736607509745,-0.31382786224833703,0.8987934289473374,0.1455918555972267
0.9608394277145277,-0.08549326698493352,0.20936884573568437,-0.11364681562534774
0.03227481732596403,0.9311947081332723,0.33514213948935256,0.17526478408320142
0.0,0.0,0.0,1.0
-0.3071979877113277,-0.23682139392656038,0.9082422534880044,0.1453329973438876
0.9421981999919464,-0.12927567610421067,0.2839035074749544,-0.1134479141903171
0.0611711371360608,0.9553764461877835,0.2693023770319046,0.17500002185387775
0.0,0.0,0.0,1.0
-0.26706339883563257,-0.2393274665624391,0.9221482310680931,0.14939275868352864
0.9537568785997822,-0.13322577492646248,0.23977418487527957,-0.11152213636286465
0.06820461322606589,0.9572568302510844,0.26805141647633085,0.17574719379628073
0.0,0.0,0.0,1.0
-0.1536325285410533,-0.2239613385925043,0.9512206053373163,0.1517715711194868
0.9777141013548383,-0.10417799767431274,0.1320469318221461,-0.11128037567184429
0.06386095342165637,0.9655711558324664,0.23926560946541636,0.17301356499364995
0.0,0.0,0.0,1.0
-0.04405264841787128,-0.1724690860903193,0.9770006516574965,0.15472689606512052
0.9919009410639799,-0.0752698723649497,0.031087313741350812,-0.11076926120735893
0.06274475194655368,0.979946987002877,0.1764446869888518,0.17140838493804406
0.0,0.0,0.0,1.0
0.032040536904711196,-0.12977665234962635,0.9877538233818117,0.15577823733354468
0.9945295823571292,-0.06651671643571026,-0.040837606278201134,-0.1107228055884458
0.06871461739163934,0.9884861191379848,0.1274531206011762,0.17232284914436272
0.0,0.0,0.0,1.0
0.07986394101840774,-0.11555135413856535,0.9883312392502066,0.1520225020727195
0.9923628748769358,-0.0689642074646803,-0.08832249862408334,-0.11263757664503793
0.07747472088252735,0.9904119783994454,0.10940678437151755,0.17275077157311947
0.0,0.0,0.0,1.0
0.08531916486611651,-0.13108731142752927,0.9859365743380641,0.15133179998346719
0.9915499235532217,-0.07802987913653597,-0.09638216596470667,-0.11249095776185218
0.08839257722496621,0.9872344271347051,0.12369952212510507,0.17357936637378274
0.0,0.0,0.0,1.0
0.06987617019626419,-0.14264563255344112,0.9852083854313288,0.15556200979088436
0.9923191545114962,-0.08589176179428074,-0.08281510916121543,-0.10982835603293564
0.0952807630749456,0.9845461753987571,0.1358433835219966,0.17627845934278927
0.0,0.0,0.0,1.0
0.07480763575752317,-0.12920377193839822,0.9868809059685314,0.15916116255148177
0.9918998762847855,-0.08668269248957147,-0.08646122337067902,-0.10790700846123151
0.09613592943617943,0.9865279470158873,0.12191885091906687,0.17895123809044497
0.0,0.0,0.0,1.0
0.07864710768512925,-0.1282621216215446,0.987089077919189,0.16066989912452329
0.9911554884783516,-0.08711433354155235,-0.09024296321094721,-0.10757144330294469
0.09732962138246629,0.9872963037230045,0.1206387596585779,0.17845980833322167
0.0,0.0,0.0,1.0
0.07191279558197042,-0.13349805024737785,0.9868875914764476,0.16364302053655805
0.9907884883164968,-0.092506341822191,-0.0845973393177728,-0.10564015961927405
0.10222962169841379,0.9864040709132758,0.1260574135374919,0.17989537175104026
0.0,0.0,0.0,1.0
0.0961061484808915,-0.126835581342148,0.9853034413135178,0.1664455297484453
0.9881978882359501,-0.0912291302460767,-0.10800256761957537,-0.10259592350513566
0.10354543423700463,0.9872886436094436,0.11733697648701037,0.1839288087499787
0.0,0.0,0.0,1.0
0.12612834113797536,-0.11035170313568343,0.9840515487346833,0.16436391415458168
0.986138109889052,-0.08111400437019187,-0.13547024114589765,-0.10322179924190653
0.09565016242213695,0.9897673521486503,0.0992003722083153,0.18368804546712997
0.0,0.0,0.0,1.0
0.1201322896688005,-0.07970901060847328,0.9880177567299471,0.15825984657753667
0.9883811105028848,-0.07495285580690525,-0.12630026278803352,-0.10754025050772165
0.0853023249681186,0.9930130128918219,0.06984712087381773,0.17910201827446853
0.0,0.0,0.0,1.0
0.1001703401263056,-0.061118841860255346,0.9921731377692025,0.15358090701650412
0.9917542014811277,-0.06963761497891918,-0.10443834872201246,-0.11117851616164501
0.07563540988210278,0.9950138140792257,0.05357624195245261,0.17635491361805103
0.0,0.0,0.0,1.0
0.08411776240744556,-0.06646431062245174,0.9935783453428457,0.15405830299283646
0.9938734484220595,-0.06419606169596165,-0.0883118848115586,-0.11168701662149921
0.06942622183739472,0.9951508817654475,0.06062096064183095,0.1773658115896693
0.0,0.0,0.0,1.0
0.07402991719278801,-0.07519149655049298,0.9938965507663564,0.15706427253100272
0.995196171164543,-0.05602877735536944,-0.07804010002195517,-0.10989770346411426
0.061407263608088146,0.9949974631950431,0.07064352923393638,0.1810769987060933
0.0,0.0,0.0,1.0
0.0716685099790558,-0.08696376146735185,0.9931605623450366,0.15988278987528518
0.9961374788487154,-0.03785224213913854,-0.07493176626305068,-0.1075074827623333
0.04395075009251352,0.9948023876847809,0.08403857706640518,0.18616587057676082
0.0,0.0,0.0,1.0
0.08050556929923033,-0.0842984828379636,0.9926033187352774,0.16161814307047123
0.996088746352288,-0.0131629836146404,-0.08222443673983021,-0.10634382660455108
0.01961299768815929,0.9955791984102083,0.08328023492516429,0.18942368251431502
0.0,0.0,0.0,1.0
0.0934626829278668,-0.06629288559859922,0.9928283935415696,0.1623567732392095
0.9951442382443373,0.012227336052541483,-0.0932484268177983,-0.10632952620906183
-0.006370173720690535,0.9969462571985053,0.06742159054646032,0.19017254250896976
0.0,0.0,0.0,1.0
0.10064491384934211,-0.04952607841987024,0.9930533044106425,0.15981019576063377
0.9940178164062601,0.03586663541522333,-0.09925987935441923,-0.10796026799775671
-0.030940431566785602,0.9973816912910395,0.0530321719828797,0.1883786694188725
0.0,0.0,0.0,1.0
0.10057069978033772,-0.030075898875023363,0.9934467367068581,0.15756721359251735
0.9930171733429832,0.054847261651577245,-0.09882647420640378,-0.10851974676051725
-0.05125288989351972,0.9971368736005477,0.03560166983705916,0.18671587185933433
0.0,0.0,0.0,1.0
0.09965768996560151,-0.03501185409478697,0.9923872065244981,0.16017582039258224
0.991338719528392,0.07661032449905902,-0.09530761387852335,-0.10578913962549336
-0.07178270916308246,0.9945215254162805,0.042830645077374586,0.18886366606619057
0.0,0.0,0.0,1.0
0.10340606649490773,-0.07927870648223864,0.9887878549253399,0.16460645717941072
0.9879843969668305,0.1106470417837792,-0.0922778631871816,-0.10287169335909307
-0.10191921673066662,0.9879146860465028,0.08995655382302128,0.1911361334562669
0.0,0.0,0.0,1.0
0.09277271373498971,-0.11041748685005942,0.9878511581410865,0.16567864569715302
0.9845351538123663,0.1487156400144738,-0.07581105229257096,-0.10218172931019803
-0.13916218377730047,0.9806650379698723,0.1222281450767545,0.19163606279541223
0.0,0.0,0.0,1.0
0.08153158465293783,-0.09049986517538053,0.991129515128103,0.1606484892022528
0.9790447117840899,0.1876457744099973,-0.06510519782254054,-0.10418775906480515
-0.18062705653511985,0.9759432171748486,0.10410305482916837,0.1910610427179002
0.0,0.0,0.0,1.0
0.08434450402733967,-0.055371247409568926,0.9939685741847921,0.15428827195525568
0.9723258435362028,0.21933045208538482,-0.0713735131271029,-0.10729092089203701
-0.21444291872028548,0.9727067904485611,0.07278008759170576,0.18865150889314156
0.0,0.0,0.0,1.0
0.09478199134272589,-0.042601476091538665,0.993914785750788,0.15304160624433083
0.965200924635333,0.24385428877849008,-0.08190136735209383,-0.1077672240986485
-0.2391498602367173,0.9679500011553761,0.06460888753802017,0.1862347890260973
0.0,0.0,0.0,1.0
0.09098515719253447,-0.04369581420751839,0.9936045092482959,0.15846556512939183
0.9564070479037453,0.27497784116539165,-0.07562734811394525,-0.10323505367221643
-0.27068227858551497,0.9595374672957195,0.06650591710529008,0.1872203130008962
0.0,0.0,0.0,1.0
0.07218790959334907,-0.04948026727635638,0.9944983084059422,0.16115769771267732
0.9505175608440547,0.2998570211726938,-0.0540881080386918,-0.10055717463685958
-0.29676388861721126,0.9520778014561183,0.06831630862055268,0.18660769473076513
0.0,0.0,0.0,1.0
0.06674134429107402,-0.061878532244836804,0.9941654822100829,0.15499085298346216
0.947946252775476,0.31098085628260747,-0.04417182445196985,-0.10414647084538531
-0.3080957253423666,0.9475271197200656,0.07947647831968771,0.1827446525591655
0.0,0.0,0.0,1.0
0.06819427594203739,-0.07784399654674579,0.9931177388302521,0.14898719798561366
0.944513681851676,0.32225655419035926,-0.03963590923514575,-0.1074113176043128
-0.3186876648433705,0.9423322393632801,0.09602459253434112,0.18017823653007364
0.0,0.0,0.0,1.0
0.08278683532308273,-0.06523575914366386,0.99307984055228,0.14489148098959467
0.9367834470878179,0.3421164293474024,-0.05612947124885233,-0.10892411618255016
-0.33767541123475264,0.9361496954415864,0.09040143345248744,0.17861037279300873
0.0,0.0,0.0,1.0
0.09803504124269038,-0.0314139635215975,0.9938158658745735,0.14584899628334352
0.9288795670454021,0.35995975436350935,-0.08068792297097199,-0.10762132127632212
-0.3560524926580141,0.9315712118142034,0.06493392980243753,0.17766697647933524
0.0,0.0,0.0,1.0
0.09102654141013816,-0.007615708832700774,0.9950372937546689,0.1474815304961273
0.9246872065744716,0.3701724097365878,-0.08201829033158856,-0.10606215108350583
-0.36789201829678303,0.928593050594624,0.04054532314549947,0.17787893886998413
0.0,0.0,0.0,1.0
0.05479238918569465,-0.002712635537351674,0.9968456773442942,0.14332273213437005
0.9211350593416996,0.381812028105427,-0.04979897751523898,-0.10749052410123411
-0.3810515179148501,0.9239559048065551,0.02272937995801399,0.17842734132889088
0.0,0.0,0.0,1.0
0.010389320239654071,-0.01360922583780943,0.9984633574171753,0.14392576725049167
0.9161950475420161,0.39708087993026564,-0.004103602369628541,-0.10629935055407957
-0.3971318438836098,0.917326254222332,0.01602015115473169,0.1799789616825731
0.0,0.0,0.0,1.0
-0.009183369844573148,-0.02658953327367207,0.9990011608125213,0.1510994669521613
0.9098091750211983,0.4133329730967257,0.019550030425734312,-0.10282285754444231
-0.41353770046973715,0.9098128934390083,0.020258239293495392,0.18036038581243546
0.0,0.0,0.0,1.0
-0.0055205875556793675,-0.041491944825888194,0.9983215722471549,0.15801101539481854
0.9029656241448842,0.4285526373283506,0.02323445916868554,-0.10116733517250197
-0.4285140823812465,0.901928446288838,0.03517970370805452,0.1792247264992308
0.0,0.0,0.0,1.0
0.011743843946566825,-0.06434695406016908,0.9969443701418134,0.16077908067545305
0.8973837770333921,0.44055248625476395,0.01827297697239142,-0.10129177398121475
-0.44002782854807354,0.8947486467625528,0.06303999450806246,0.1780502251347852
0.0,0.0,0.0,1.0
0.02599184915334457,-0.08251730343780411,0.9953890786672466,0.15822791288492072
0.8953187199396007,0.44495101122190395,0.013739004333157022,-0.10206213370371259
-0.44373548753034076,0.8911426687326909,0.08555179015708644,0.1771159159025753
0.0,0.0,0.0,1.0
0.02631693573965238,-0.08311040542966613,0.9946381030510366,0.15058160987798294
