-0.12896594888912735,0.28776303617454957,0.9460519325107681,0.332219935681781
0.9799407270887636,-0.0907382485290615,0.16173816262243648,-0.09943104113324139
0.13453108631742616,0.9527524163431726,-0.2702674852324175,-0.020624555791151508
0.0,0.0,0.0,1.0
-0.10394868892465817,0.28535476443688473,0.9448292975276453,0.3306766665609079
0.9774371295211766,-0.10329002947274962,0.13962500945369602,-0.0997052314559593
0.1430294214106762,0.9514202436425327,-0.2691169362161613,-0.021812574636638993
0.0,0.0,0.0,1.0
-0.06976437864552115,0.2770732865925838,0.9481216438392157,0.32697857003809205
0.9774446855570398,-0.11907446592636248,0.10790890220597527,-0.10086965506352735
0.15001082568698343,0.9516583893434336,-0.26320575073989394,-0.023203072209149744
0.0,0.0,0.0,1.0
-0.11261802713640688,0.2859255524608515,0.943453659604403,0.3235193567529846
0.9723069774254562,-0.12484879008334773,0.15471020245452918,-0.10270235209960679
0.16657472628159364,0.9488331941961836,-0.2641034336221132,-0.023868769091746452
0.0,0.0,0.0,1.0
-0.1899242002998312,0.29110994855386735,0.9333949121991317,0.3230666303069414
0.9601381961967486,-0.12410012272434867,0.2341713759095942,-0.1021147524059614
0.18516028129735543,0.9480631526302117,-0.256016805014079,-0.02451448677713229
0.0,0.0,0.0,1.0
-0.26083048218219734,0.2948018746211962,0.9151702863354199,0.32408635168209077
0.9393950504911887,-0.1232994791730876,0.3075382734860702,-0.09684011551888261
0.20488337397263368,0.9471702479021522,-0.24494128646555857,-0.026176954784595946
0.0,0.0,0.0,1.0
-0.3329504799600925,0.3019139958696978,0.889658938289881,0.32433725215961395
0.913108522214648,-0.11781434534638402,0.3818040787986623,-0.09884890596183118
0.22117646878490616,0.9455342877320811,-0.23695369975660052,-0.025509011342193452
0.0,0.0,0.0,1.0
-0.3782494183511438,0.30001845107876435,0.8745366702038618,0.3234725711851406
0.8933972531323104,-0.12319841738300681,0.42879216275417287,-0.10666567455435536
0.2364529039299687,0.9452492280621676,-0.22157679240352512,-0.022650107473367362
0.0,0.0,0.0,1.0
-0.3932401757582815,0.2978425758979261,0.8696115910556713,0.32265997579776806
0.8808293224824522,-0.14641243119807046,0.4486335477068193,-0.10904743732676694
0.2608752727962279,0.9426758255981389,-0.20477800382931982,-0.02126671539562896
0.0,0.0,0.0,1.0
-0.39927769433381183,0.29654887274944475,0.8673335725468334,0.32331775152816455
0.8719245029413746,-0.16773902988033784,0.4588206559112422,-0.10454471184186617
0.2816333165421292,0.9396803962071842,-0.19185577452191488,-0.022470438101729984
0.0,0.0,0.0,1.0
-0.3913964897392289,0.295650449289206,0.870758255450752,0.3232865204949653
0.8673206495343462,-0.19363271024677253,0.4557906727652138,-0.0989800165292709
0.3038569764907283,0.9343991213542875,-0.18181244383453415,-0.024774272278800857
0.0,0.0,0.0,1.0
-0.3596732303972616,0.29866444751863463,0.8821640167235575,0.3201083731293164
0.8715765871645049,-0.22411889239899693,0.43126726889090106,-0.09862713611745871
0.32691815460674767,0.9265751096262924,-0.1813014370936767,-0.02503799459060385
0.0,0.0,0.0,1.0
-0.31216061307646337,0.310006630103167,0.8937735994846465,0.3180182077143219
0.8853075617015451,-0.23687273092350175,0.391039395583052,-0.09827917813173508
0.33352777009892187,0.9198345472441964,-0.20243758795553293,-0.022426446140997362
0.0,0.0,0.0,1.0
-0.2958155452388745,0.33444047667816046,0.8860695529667478,0.3174506973391069
0.8863723108918923,-0.23042507287274375,0.3827091856759475,-0.09502853660148763
0.3364835739119289,0.9121481609559551,-0.2315808086059854,-0.018339501601498123
0.0,0.0,0.0,1.0
-0.37325081620062095,0.366725217689984,0.8376107543001806,0.317067039229614
0.8481605321886225,-0.19936821042430264,0.4650329910070715,-0.09211386100582081
0.3448137915220719,0.9067476819445459,-0.2412999803593563,-0.013987089510145793
0.0,0.0,0.0,1.0
-0.47549563328678557,0.38561089870208853,0.781539279284603,0.31383937487925373
0.7938817121759891,-0.1753045520522915,0.5690320192613075,-0.09188467313756152
0.3596528008373577,0.9048772380362651,-0.22498647476701347,-0.013816880427639336
0.0,0.0,0.0,1.0
-0.5233325713523602,0.3907372274686357,0.7541303709326375,0.3076457810250549
0.7587523907057184,-0.18260158598013704,0.620639093437825,-0.09467205812340132
0.38067093860464946,0.9016613337125947,-0.2012022495725666,-0.01654503901755433
0.0,0.0,0.0,1.0
-0.5322653990929109,0.4011102565391126,0.7424276947282205,0.3040095603598
0.7443183063089251,-0.19138506407560532,0.6359445405431478,-0.09734097043345534
0.39672018904638273,0.8954010457695243,-0.196871304862908,-0.01733352405792994
0.0,0.0,0.0,1.0
-0.5369719662271014,0.41438757376620705,0.7300412944653306,0.3062981144398889
0.7356158647257326,-0.18690940945198797,0.645561193723158,-0.09609536708640826
0.4033689928126134,0.8903318572222693,-0.205028970804717,-0.015130275981289805
0.0,0.0,0.0,1.0
-0.5744097015844829,0.41332398697358086,0.7014454904540699,0.3098972844976566
0.7036497527352067,-0.1819301609481766,0.6817723625414609,-0.09220731032658364
0.4090935179816063,0.8916458742550519,-0.1869338257516559,-0.01170267337987336
0.0,0.0,0.0,1.0
-0.6100227915598391,0.4143972161859507,0.6723855951233914,0.31364897410094217
0.6710482346787012,-0.1782461674709457,0.7176580542868662,-0.08996804226646488
0.41801283475092793,0.8912617311596376,-0.16922714284375678,-0.007390644983458022
0.0,0.0,0.0,1.0
-0.6182262366493043,0.43404365209170503,0.65334575929149,0.3147939755893705
0.6536477221505241,-0.17609093084270372,0.7349661765299134,-0.08737917328288858
0.43512721446068414,0.8821777854263131,-0.17463714073372638,-0.007562403432141922
0.0,0.0,0.0,1.0
-0.6247525513024326,0.4462890877300124,0.6382826093238809,0.31103626233677234
0.635001564652256,-0.18221311015129094,0.7485983702107761,-0.08316304018340268
0.451476451758308,0.8753759318224252,-0.16991398930365376,-0.011646334933458753
0.0,0.0,0.0,1.0
-0.6516269233957969,0.4529428045242948,0.6025901141919069,0.3046661485187062
0.5988162520820225,-0.17350537162639917,0.7774995032002237,-0.08358273256871304
0.4589764896804648,0.873505109008142,-0.1595671234906162,-0.013014302184595872
0.0,0.0,0.0,1.0
-0.666481400154221,0.47143062350981524,0.5699726239476036,0.298703981229945
0.5755991196839754,-0.15365093235180066,0.7987171487544377,-0.08814649967714852
0.46549681079957783,0.8669735743809637,-0.1713415107210996,-0.011169000654825689
0.0,0.0,0.0,1.0
-0.6428089245873225,0.4912112495061722,0.5813636905249081,0.29394571837594674
0.5948944813549049,-0.15335157293600563,0.7856676571246544,-0.08935561980924528
0.4750582066747799,0.856071058126352,-0.19611502609526898,-0.010429216046515234
0.0,0.0,0.0,1.0
-0.6188429579680221,0.5018652708260573,0.5989660530576109,0.29040915021234404
0.6143628194405992,-0.1628569246146488,0.7696574579807334,-0.08757775263232305
0.4832718831104058,0.8479761308241126,-0.2095004706182263,-0.011753731244654501
0.0,0.0,0.0,1.0
-0.624566275652876,0.5117671186781901,0.5804761011595746,0.2878515781017317
0.5963315964832414,-0.16099558910050737,0.7810616785434807,-0.08800457425862038
0.4928944490615411,0.8422273443590717,-0.20774177311009934,-0.013088535403144693
0.0,0.0,0.0,1.0
-0.6698459280072661,0.5129468356151644,0.5250008071707434,0.28741219512493804
0.5358528221781198,-0.14667530180269892,0.8248612475459018,-0.0902464983338328
0.5006819555858146,0.8441474257918757,-0.1799409294878334,-0.012737648455424612
0.0,0.0,0.0,1.0
-0.6948902511901942,0.526120743455206,0.4812621194276082,0.28934130765280897
0.4846459506111465,-0.14453511349145168,0.8588425353869877,-0.09016263296571145
0.5224598678191414,0.8355984896465967,-0.15735840515359434,-0.012746752750453635
0.0,0.0,0.0,1.0
-0.6951901091398958,0.5452758797679845,0.4566138702540088,0.293785200473793
0.4529039398679373,-0.15367375803793543,0.8738994982125492,-0.08706325273056603
0.548186296808546,0.8209723562346003,-0.14479553306289933,-0.01323066531414942
0.0,0.0,0.0,1.0
-0.7095705009099909,0.552318586349289,0.4230463463728083,0.29583842703761826
0.4171510283253057,-0.14774213743054349,0.8923664581394191,-0.08731568217123764
0.5569620114593961,0.816987839553958,-0.13120475716197766,-0.012498297088438852
0.0,0.0,0.0,1.0
-0.7248961585776122,0.5548122582450459,0.39316447139815747,0.2952372151938587
0.3916498385364063,-0.13087286684607807,0.9070140787692083,-0.09102832042586112
0.556308128013761,0.8175180513839224,-0.1284724161065306,-0.010165406971870707
0.0,0.0,0.0,1.0
-0.7529283291486737,0.5447339817629991,0.3566981997821262,0.29619811734067025
0.3675116307842789,-0.09579387740210954,0.92208935515301,-0.09388535122669717
0.5380519082071379,0.8296061473382893,-0.132757316088767,-0.006655260583208833
0.0,0.0,0.0,1.0
-0.769706175571722,0.5422122167743385,0.33179195184689014,0.2967146639724648
0.35724083731946565,-0.06287803195121591,0.9306708495783202,-0.09572230488507832
0.526166356426284,0.8363940494445192,-0.14650296973940657,-0.004411210465198781
0.0,0.0,0.0,1.0
-0.7709060887107082,0.5512378107847871,0.31431330270233804,0.2951402129271392
0.34830686117436005,-0.0460173041391794,0.9351795277743187,-0.09749181913527895
0.5309841988620111,0.8319991098531476,-0.15645524660544924,-0.005243645423001295
0.0,0.0,0.0,1.0
-0.7642033902755188,0.5675671448320161,0.29764507089564396,0.29299966796928956
0.3341534129785011,-0.04234914093826615,0.9401059102901534,-0.0979405257855622
0.5474624656416889,0.8200396391797209,-0.15830159730104987,-0.008252444006039113
0.0,0.0,0.0,1.0
-0.7653702367965299,0.5631651099313112,0.2971844622775165,0.2918578850788639
0.3291166933934072,-0.04831231441337592,0.9415334489859526,-0.09701951247050546
0.5453393786203491,0.820563422332959,-0.15122934105213864,-0.011261795711018137
0.0,0.0,0.0,1.0
-0.7812210141141949,0.5437619126040543,0.2895536471562432,0.29203539592285743
0.3133316625506486,-0.05127989447070445,0.9467195615414242,-0.0967069377202545
0.529853742646615,0.8322735458811067,-0.1333615261166613,-0.011547187650391467
0.0,0.0,0.0,1.0
-0.7582851144117582,0.572920020487989,0.2910779611055859,0.2885520711278956
0.3061644054372115,-0.07275384903749105,0.9472246842757039,-0.09875169126041755
0.5644572886333309,0.8099345866065593,-0.12444958821245936,-0.011694069844278277
0.0,0.0,0.0,1.0
-0.7042619293588687,0.6253852902628395,0.3224313325981656,0.2847174466679603
0.32982235344111405,-0.10999135016446204,0.9356553013551898,-0.10035115480918061
0.6216172533438546,0.7682456343102027,-0.1326580230592278,-0.01303197019739917
0.0,0.0,0.0,1.0
-0.6752764161410314,0.6505718806360822,0.3434592185923395,0.28338687336320384
0.34612765524806055,-0.13058180993170548,0.9281184533511131,-0.10276398906662823
0.6493579168828143,0.7470446048777385,-0.13781618165920506,-0.012630673406837833
0.0,0.0,0.0,1.0
-0.6729278738776123,0.6574686151892302,0.3373608328759532,0.2818005641934137
0.34177686707356575,-0.12756371603865085,0.9305293542580079,-0.10596753026358141
0.6552604472608217,0.742270266670584,-0.13886623881579568,-0.011552568046135216
0.0,0.0,0.0,1.0
-0.679589889236623,0.6524003296082428,0.33283773654824433,0.2811466989528919
0.3433032684175994,-0.11722121171075542,0.9314607514075716,-0.10540012211297033
0.6468422823746451,0.7478003858187825,-0.14480653709606756,-0.012640932995694746
0.0,0.0,0.0,1.0
-0.7036463360184739,0.6270190686761499,0.32656005267272964,0.2839700761959907
0.3432246317279643,-0.10005408505142879,0.9331879653133253,-0.10260151976708827
0.6179455123428896,0.7696688537390355,-0.14691488578905118,-0.011792244072979796
0.0,0.0,0.0,1.0
-0.7349485616361695,0.5974423895307464,0.3124275720857815,0.28580007923458317
0.33727047655715026,-0.07493756737533046,0.9375387194421503,-0.10064397576111399
0.5836895721276268,0.7954701310699075,-0.14875454293695126,-0.009741315548044275
0.0,0.0,0.0,1.0
-0.7419670747279945,0.5907551389813694,0.3090618550652553,0.2829868937842994
0.3450806777870085,-0.055757201118798116,0.9356718308504994,-0.099417859937415
0.5703752585079356,0.8023349145407969,-0.16489887223191496,-0.01169049462188839
0.0,0.0,0.0,1.0
-0.71961634360957,0.6020551706536639,0.3304277880183497,0.28385784339454423
0.3712773724817624,-0.06165667847933828,0.9232126337770472,-0.09713117218312659
0.5781939568559034,0.7913744631209505,-0.1849348446006952,-0.013462482687353625
0.0,0.0,0.0,1.0
-0.6679345088986499,0.6248131974038784,0.38308347199486426,0.28681119168355407
0.41425052162573595,-0.10553998470076005,0.8971184166936735,-0.09605543465329433
0.6070961999040119,0.7666066355329344,-0.19681603895920924,-0.013345601168250261
0.0,0.0,0.0,1.0
-0.6069160130126492,0.6286086654518142,0.45872267355514057,0.28630851516314754
0.4639444072226617,-0.17405049284915128,0.8544116010367424,-0.09613250294845785
0.6316687606276835,0.7478473794773874,-0.1971632766683733,-0.014101464827313111
0.0,0.0,0.0,1.0
-0.5590778248543435,0.6221454572987457,0.5223556229409609,0.2877335670271536
0.5042711488040053,-0.2305538020849386,0.8158698529207231,-0.09204154125986913
0.6444054066272282,0.737660822621708,-0.19645221855866868,-0.013207086725570694
0.0,0.0,0.0,1.0
-0.5510313777059964,0.6244314851513348,0.5352161983356083,0.2869438966189674
0.5193147504102299,-0.23515618159641188,0.8096124612457495,-0.09066046210622875
0.642769550473488,0.737658581504549,-0.20286596076014912,-0.010865527814514987
0.0,0.0,0.0,1.0
-0.5465784597109189,0.6170574489118261,0.5532280122898326,0.28277551936991024
0.5345964833414364,-0.2448337246558911,0.8009998534483219,-0.09286918231957646
0.6359600068988598,0.7431494668045304,-0.20181017080491792,-0.011475555753389908
0.0,0.0,0.0,1.0
-0.5790719635093433,0.5918187824425041,0.5439217301408573,0.2831117924038887
0.522140662538464,-0.23470458672785688,0.8112474472678778,-0.0941600418907082
0.6124777052825219,0.7650689112871465,-0.18218130372194152,-0.013061172285314044
0.0,0.0,0.0,1.0
-0.6286189890457612,0.5757413535272589,0.5040958778904365,0.2888654735320396
0.5035414664518874,-0.18262126617403618,0.8345042740206097,-0.09317824888184711
0.5767778462214519,0.7907753462005909,-0.18435898800129824,-0.01331324810848488
0.0,0.0,0.0,1.0
-0.606829430247514,0.5832165234878082,0.5206626831914091,0.2937275620908788
0.5412486294528449,-0.1654260484607205,0.8129334633273595,-0.0919082146556859
0.5652410267504963,0.7899306346683472,-0.2239561113281595,-0.013395143864524093
0.0,0.0,0.0,1.0
-0.5833941374925207,0.5781531096787293,0.5507393349390725,0.29178692815239893
0.5726498052830032,-0.17374188885202663,0.78909092901952,-0.09410784767148413
0.5587740221109792,0.7907928863564957,-0.24041349712435342,-0.014057070741395911
0.0,0.0,0.0,1.0
-0.6324345622559049,0.5560602381399129,0.522283584857148,0.2913199583464826
0.5432885777347346,-0.1488704817925871,0.8168959406514589,-0.09358762408199572
0.5368495196257673,0.8126692722157346,-0.21716099438806563,-0.012936599287192544
0.0,0.0,0.0,1.0
-0.6656204048194256,0.5430116966333354,0.5054032987034015,0.2943882271248435
0.5194304904210106,-0.1437803156153487,0.8386263460971262,-0.09114390289260331
0.530233220037772,0.8253365467767418,-0.18941776759364953,-0.011868410323620734
0.0,0.0,0.0,1.0
-0.6491018807805417,0.537444888629756,0.5347474742897241,0.2935710778043451
0.5370205201179374,-0.17131226027248103,0.8237645718264168,-0.0949791815978724
0.5362515140979456,0.8244989122057522,-0.1783999695610533,-0.013123748292748125
0.0,0.0,0.0,1.0
-0.6253948375373883,0.5368317663623798,0.5636070817496639,0.2928228049592503
0.5635519797133086,-0.1874806274681714,0.8029165133314653,-0.1005506991339336
0.5379913300731729,0.8214111062203376,-0.18571265003417708,-0.013275833591205042
0.0,0.0,0.0,1.0
-0.5930267273911716,0.5517127794015328,0.5814439919191268,0.29583379753016037
0.5902190090125439,-0.1904904334361069,0.7813872513120727,-0.10129374141034786
0.5432017193756722,0.8104773995760459,-0.21452120351864568,-0.013282798108966185
0.0,0.0,0.0,1.0
-0.5339265095236239,0.5669188434614157,0.6198385314455033,0.29991858854051756
0.6315575173755139,-0.2146056048167562,0.7395605258003877,-0.09848434935160622
0.5544283852853191,0.7936809554374602,-0.24709592319697013,-0.014951264129362358
0.0,0.0,0.0,1.0
-0.4870049964064521,0.5700375147925351,0.6571534764697031,0.3040104078109016
0.6648993654869886,-0.24234285950116463,0.7027755985369128,-0.0969907319613957
0.5611430908345876,0.7839768726981773,-0.2632423991359479,-0.01417655568974822
0.0,0.0,0.0,1.0
-0.49305575552007186,0.5580244732662938,0.6649541893233142,0.30729636106765124
0.6706105080301477,-0.24073815111872382,0.6998691088125601,-0.09679382770186606
0.5509313618334456,0.7930253645794997,-0.2564875071555121,-0.01288576141695836
0.0,0.0,0.0,1.0
-0.5131019036474262,0.5369867244277298,0.6677848644370958,0.30848542597646483
0.6730854565786524,-0.2288030282087086,0.7018029075915104,-0.09580044105222417
0.529998692917143,0.8110856398811166,-0.24433670445563002,-0.014062171799776249
0.0,0.0,0.0,1.0
-0.5034578787077895,0.5225808618647424,0.6849623939811954,0.30713727469462315
0.6893350273588854,-0.23127085024660732,0.6830788110462649,-0.0989973869648498
0.5165268748751048,0.819992237675657,-0.24442462857879238,-0.015264562351622993
0.0,0.0,0.0,1.0
-0.47680123128045676,0.5133775594486366,0.7097913426369645,0.3082986839738533
0.7186217712644567,-0.23236285185526573,0.650672168003191,-0.10266466109612774
0.5009696663679413,0.8248216387559089,-0.259258579046183,-0.014358286729532306
0.0,0.0,0.0,1.0
-0.4591577064448955,0.49587033509919576,0.7325080853038748,0.31250988387818524
0.7444347404399003,-0.22881946840506007,0.6213215011298986,-0.10115960454401046
0.47934419575024645,0.8353518268432897,-0.2652085505309762,-0.013909002749375622
0.0,0.0,0.0,1.0
-0.4146304301522694,0.468736536360585,0.7731359032643639,0.31512171146508283
0.7815634036964567,-0.24133466923384989,0.5645461842496176,-0.09582285408480365
0.45462433560159143,0.8475131728581837,-0.2669820647709838,-0.016559501620603417
0.0,0.0,0.0,1.0
-0.33403965053471274,0.45761785929875587,0.8165887576606694,0.31524767196590175
0.8318673180575828,-0.25346733937918275,0.4807397200071692,-0.09181117408250089
0.42718379624087777,0.8508502793919104,-0.2978000894389885,-0.018327230580874404
0.0,0.0,0.0,1.0
-0.2770777432505538,0.46110035164357355,0.8373598034512997,0.3153413607126615
0.8601573670009497,-0.262390993579269,0.4282189201032028,-0.09244768567040562
0.4171177380351832,0.8463197080548099,-0.3264622191400699,-0.01735185321034992
0.0,0.0,0.0,1.0
-0.30169139447957594,0.4673235574329092,0.8250168403885165,0.31493440307287013
0.8509222962312497,-0.25031366904598096,0.4524165859691389,-0.0966327776318536
0.42060897319784696,0.8460468521105511,-0.3248086533162048,-0.016374229995522765
0.0,0.0,0.0,1.0
-0.348312833829609,0.48186185773641554,0.7998320994936485,0.31461224761694173
0.8342743156164814,-0.2235321013301322,0.4978335507182714,-0.09997175617049339
0.4217675030333957,0.845654618635053,-0.3257224309909377,-0.01597530456897144
0.0,0.0,0.0,1.0
-0.3525530569139469,0.4801287349326886,0.8011036916043279,0.31246487764113673
0.8394603437608947,-0.21217218153914275,0.49708619798576326,-0.1036762366846876
0.41020446172330455,0.8501787175883545,-0.32842944783607886,-0.014899135310541291
0.0,0.0,0.0,1.0
-0.335998092957579,0.45557341188794076,0.8224452227319974,0.3082204456707839
0.8574170913457579,-0.20906326058668795,0.46697740280082267,-0.10889254513965432
0.386090156551533,0.8643046153879472,-0.31984087979997955,-0.012431065805202847
0.0,0.0,0.0,1.0
-0.3262566178832826,0.4350799155037087,0.8371076094890985,0.3060829926372477
0.8661409759897081,-0.2117795792619667,0.4482500576820232,-0.11143952031819489
0.37353126454159546,0.8742942705341373,-0.30757847496142976,-0.00985688462561006
0.0,0.0,0.0,1.0
-0.35540462087759567,0.43475760744037123,0.8235715263153256,0.3092524221786552
0.8498366612240245,-0.20798492687112313,0.47694760892460486,-0.10683434686316781
0.3802106837929682,0.8751739226338829,-0.29700988479230683,-0.008775315755865081
0.0,0.0,0.0,1.0
-0.3983102518412205,0.4371085847956694,0.802499079967901,0.3158191592558114
0.833933179720203,-0.18311560391230974,0.5139184041989809,-0.09937120732727947
0.37297253819830356,0.8795139640370138,-0.29342075237108556,-0.009014507376411372
0.0,0.0,0.0,1.0
-0.382216417863551,0.4261978460025777,0.814752435553471,0.3198957508369394
0.8512745566511133,-0.16932320716221072,0.4879859444850685,-0.09514685139534439
0.3482325790282992,0.8875246971334346,-0.2988351187895354,-0.011505715336821754
0.0,0.0,0.0,1.0
-0.3252317824158738,0.3950626852109502,0.8534049608102858,0.32006777477203413
0.8844584899547636,-0.18177435821059879,0.42118746356361403,-0.0978256296366563
0.3252470635069348,0.8981104764188861,-0.29059707707093024,-0.013624409059560817
0.0,0.0,0.0,1.0
-0.2969165483271873,0.367644432013449,0.8778832912051235,0.3190111595035655
0.9011646224380689,-0.19229700963348284,0.38522737926678213,-0.10433894687537935
0.3129211151515706,0.9073757541728398,-0.27398664747432155,-0.01462507111890319
0.0,0.0,0.0,1.0
-0.29620653348061365,0.3731527291717529,0.8773117245511515,0.31985008192247955
0.9036407828521256,-0.18593487585578178,0.38422275580623677,-0.10832410594623805
0.3079752153755824,0.9072662533640224,-0.2818294302074178,-0.014852613729192991
0.0,0.0,0.0,1.0
-0.2886040001995758,0.37769986134668887,0.8789544763347561,0.3220751580269736
0.9088715372881493,-0.1788596834011747,0.3755107240895535,-0.1096785943197566
0.29961172765449673,0.9078105484331355,-0.29154777111091273,-0.013419003128348459
0.0,0.0,0.0,1.0
-0.2729001966256688,0.37599246426505606,0.885028129180319,0.32270990765833957
0.9164456005777952,-0.17699409513151224,0.3578539216926033,-0.10908302206933856
0.29144661434399693,0.9091368800711942,-0.2962825411155913,-0.013267448701600727
0.0,0.0,0.0,1.0
-0.26754755573117023,0.3855158375552499,0.8822371317383448,0.3219826036391904
0.9204073872661988,-0.16768246332317444,0.35220616718282205,-0.1083468190209763
0.28424308125978015,0.906532028067145,-0.30995218987065776,-0.013776303202388361
0.0,0.0,0.0,1.0
-0.2783893760701825,0.39805391232686405,0.8730598410087395,0.3217148229935236
0.9172191187259362,-0.15877603331129092,0.364492475499981,-0.10673388807994202
0.28407566874391943,0.9026522889877779,-0.32087900177206796,-0.013216885622307207
0.0,0.0,0.0,1.0
-0.29282152119315474,0.39385021512100615,0.870537069031728,0.31912661101079576
0.9116272308513954,-0.15949875920197942,0.37834864005642976,-0.10627951469856045
0.2877964977369205,0.904607389540683,-0.3123415523081843,-0.01404008666984019
0.0,0.0,0.0,1.0
