0.4210216317572728,0.7394704899441678,0.5161996823097247,0.399674832934901
0.40028131655479204,0.3578593780853664,-0.8388906167169401,0.18591653555535714
-0.8175302719578079,0.5595601158970454,-0.14616095564908665,0.06696155838807871
0.0,0.0,0.0,1.0
0.41451026793588075,0.6993764916454546,0.5752978549271298,0.39315912487113175
0.4161793318552455,0.4150817514051895,-0.8034461919894981,0.19111208073603536
-0.8108637190264738,0.5721331920448276,-0.11851946415021153,0.06745649066571216
0.0,0.0,0.0,1.0
0.3992844943116791,0.6761983805163254,0.6174709085653047,0.38926085888894
0.4217853236124943,0.46191310297495636,-0.7760667629739706,0.1957650690384286
-0.8135023609855105,0.5703541178594494,-0.09870356648032017,0.06330790262031104
0.0,0.0,0.0,1.0
0.3872604816759442,0.6793766103419738,0.6225960504018888,0.3928429310431598
0.4162265214603411,0.47111764400978673,-0.7737248032602788,0.1978438107977169
-0.8207225389639929,0.5594962301364782,-0.09735983639227552,0.05629727357720942
0.0,0.0,0.0,1.0
0.3743465239015792,0.6760970333756727,0.6312537655833594,0.39917708113934236
0.40524385509428407,0.4876712863154046,-0.7698623457437781,0.19835516207199225
-0.8313052831801159,0.5454209932250087,-0.08977384484545414,0.04926845530132014
0.0,0.0,0.0,1.0
0.3533653791842097,0.662066992945689,0.6570816745284938,0.4042238215104345
0.3956119814627511,0.5245649512576089,-0.7517928460006458,0.19771044246409833
-0.8450179053501028,0.5258764074856686,-0.07570751563674703,0.04243312571089011
0.0,0.0,0.0,1.0
0.34207100786442757,0.6525570269683467,0.6758219009027862,0.4056718630637507
0.39569646744233666,0.5471658077296766,-0.7375376469779211,0.1982362318990644
-0.8513412302143981,0.5166889910645962,-0.07022327313168898,0.039555037472157877
0.0,0.0,0.0,1.0
0.3354082539459492,0.6505771966147353,0.6828350414640902,0.4059131420912304
0.3976563889071399,0.5550873387120576,-0.7295376777637832,0.20004097981252558
-0.854627693088333,0.5112818484850489,-0.07340520480315363,0.037618528417877634
0.0,0.0,0.0,1.0
0.31677446257202513,0.6438578171512063,0.6961824865462556,0.40703170346558526
0.39205010241381466,0.5759181968574149,-0.7143560864217052,0.20200234920134502
-0.863723806698474,0.4955563309500255,-0.0716041815969928,0.03262529084009617
0.0,0.0,0.0,1.0
0.29434551630581274,0.6326868170919759,0.7143092385610508,0.40761525497288126
0.3756812569611495,0.6095181431828576,-0.6957350800551495,0.20430535951211087
-0.8776299573846189,0.4717348025775427,-0.05873754976180007,0.0270277060800923
0.0,0.0,0.0,1.0
0.276771933327571,0.6219298278019467,0.7304898866546194,0.4062731551971678
0.3523230473866885,0.6423710281432244,-0.6795114516516267,0.2062581602484082
-0.8924667096852588,0.444478335820337,-0.04112012624587596,0.022181286885574806
0.0,0.0,0.0,1.0
0.2573544721333294,0.6098752103229526,0.747659418298035,0.4033108659801598
0.3274889716985411,0.6745628217999224,-0.6623405817019651,0.20753251356473176
-0.9075332903147415,0.4147964486031779,-0.026598810115584823,0.01660671989463695
0.0,0.0,0.0,1.0
0.2381188585113949,0.6053445370829,0.7571208342961125,0.400643523832454
0.3019764702522365,0.6964855942582742,-0.6528791657038875,0.20970086854194225
-0.9223727192278734,0.3840820868447001,-0.017185374874043216,0.011419387046609133
0.0,0.0,0.0,1.0
0.2205358963554686,0.6034580423693103,0.7641222431741237,0.39799793528007077
0.27593278189204584,0.7134440228263311,-0.6458777568258763,0.21275950088482462
-0.9363621539214344,0.35126378854444607,-0.0084438101935047,0.009007245181062768
0.0,0.0,0.0,1.0
0.20420954210027825,0.6056977947146212,0.7673061496323523,0.3942572382863686
0.2545030507793238,0.7236669652475404,-0.6426925120614018,0.21457835135987574
-0.9463608156151881,0.32324193884736996,-0.004998643437330468,0.009479067378947242
0.0,0.0,0.0,1.0
0.18492926811770213,0.6164640378822199,0.7634929818078261,0.3893744519048833
0.2484508434691767,0.7228590800762338,-0.6464626995759737,0.21442698047979897
-0.9523257239991808,0.3058857866633532,-0.01786661357876934,0.011646670966418714
0.0,0.0,0.0,1.0
0.15735447213332937,0.6159653577909916,0.770532428591536,0.3843734963101302
0.2542580230032552,0.7304424530528892,-0.6389263218280108,0.21196808869894657
-0.9569034035018875,0.29260234214635183,-0.04076116261076736,0.012437040325309066
0.0,0.0,0.0,1.0
0.12997223017123294,0.6077050387076346,0.7827892156441261,0.3813252469422918
0.25973810322153656,0.7422922846798731,-0.6247454129768617,0.2080025942839036
-0.9589175008390936,0.28099787684724425,-0.060949543312305454,0.01097821395107626
0.0,0.0,0.0,1.0
0.11105050900303626,0.6249149883146656,0.7704616752601812,0.38140950595805545
0.2626381418125958,0.7285791954653299,-0.6349633218496045,0.20427706961145323
-0.9580718632827023,0.27148355420672204,-0.08263580694454478,0.00952469320970718
0.0,0.0,0.0,1.0
0.10558386988954274,0.6810324855752803,0.7199046712363686,0.38302219719025665
0.2590252271373431,0.6782422988482346,-0.6846689933475996,0.20180561437882555
-0.9583362893056198,0.26060177523964545,-0.10407659728563881,0.010061422349210203
0.0,0.0,0.0,1.0
0.11194200889223865,0.7330116689528559,0.6682382474166495,0.3845768427011119
0.2538289816843463,0.6285898360316448,-0.7341828053461628,0.2008940537886303
-0.9603515886149954,0.2541514621643284,-0.11460960058428898,0.012909539773536621
0.0,0.0,0.0,1.0
0.12601725683766976,0.7477379035381566,0.6497940484703386,0.38533631115032674
0.26984511666009603,0.6050307229209124,-0.7502046132234153,0.2010022645579125
-0.95523801275682,0.2702008565279065,-0.1242692766080302,0.019692676520525778
0.0,0.0,0.0,1.0
0.14345487664433854,0.7428965708271267,0.6506446081815616,0.38414981314876284
0.3015211812916916,0.5935142583736877,-0.7468886821331799,0.20122542205712157
-0.9429126305020805,0.30354752879547764,-0.13801663280616822,0.029970088503107097
0.0,0.0,0.0,1.0
0.156551473142451,0.738083058845151,0.6542883220764764,0.38166608394988866
0.3320608088637838,0.5849128556643456,-0.7405497685304095,0.2010504218126581
-0.9311201262458759,0.3335819901554754,-0.15435608642170523,0.03907718468372921
0.0,0.0,0.0,1.0
0.16786929019126162,0.7431007477509275,0.6471998307166368,0.3805815350928087
0.35218038164992327,0.5677384036845976,-0.7442772373692191,0.2008881411790559
-0.9224170378440738,0.3520693278137401,-0.16724675686904145,0.04439100330964073
0.0,0.0,0.0,1.0
0.18930098505678594,0.7594281676442107,0.6210052193039163,0.3811408018569332
0.3628226549634337,0.5327937086413823,-0.763244626493824,0.20069106921256358
-0.9133125526520147,0.3687945385807718,-0.17247360662685396,0.04916381629845877
0.0,0.0,0.0,1.0
0.22714857864599436,0.7740656743913434,0.5880327615574099,0.38091262360562805
0.3730429097381891,0.48838836509114375,-0.7863663051742495,0.19986688735871888
-0.8982003151000852,0.3986256467318503,-0.1758613443725197,0.0576247444354123
0.0,0.0,0.0,1.0
0.28017712709676307,0.7863233939405834,0.5472577470211255,0.3791058694221871
0.38506658062948285,0.4291832071259309,-0.8142607576580739,0.19972871969876882
-0.877040374269227,0.4397688333649108,-0.1827880572693592,0.07004352663575553
0.0,0.0,0.0,1.0
0.3329882557872684,0.7920365139409886,0.5098145228507984,0.3764144334071702
0.396635948088075,0.3721057854899814,-0.8375983454840368,0.2011495226769383
-0.8547996143281497,0.4806252464475592,-0.1889131331419524,0.08384572852699426
0.0,0.0,0.0,1.0
0.36347194002313643,0.7888330839357962,0.4943645362953736,0.37621842096510305
0.4051588910361806,0.3438733003005466,-0.8461325310029559,0.20042285820494982
-0.8400056949694259,0.5066625269786341,-0.1922947994794035,0.09411245084993444
0.0,0.0,0.0,1.0
0.38080354614568435,0.7797204998299722,0.49503545069934085,0.3785703000262604
0.40790156405124667,0.3373178526441263,-0.8481509850033417,0.19548902259108356
-0.8317411523643321,0.5231884574978113,-0.18767039741615743,0.09911449997321696
0.0,0.0,0.0,1.0
0.4042001739565552,0.769731559058344,0.49090635759198664,0.3809888263457946
0.4208239044414914,0.3178040661244484,-0.8498533193444964,0.18879227228381557
-0.8138951024917345,0.5473507989590323,-0.19293487425893951,0.10306425786228948
0.0,0.0,0.0,1.0
0.4243339900328844,0.7589728676497045,0.4901413274305191,0.38118900346186746
0.4511157695826963,0.29257209008149554,-0.8434052048031536,0.18427659164591137
-0.7854803639203962,0.5779248408827573,-0.21416670915836222,0.10839331109934311
0.0,0.0,0.0,1.0
0.42761910356661154,0.7525137049139512,0.4973548249117322,0.37924742235222975
0.4780106541346275,0.28171253334179847,-0.8319781503029239,0.1800851258242627
-0.7654831879009268,0.5950997036832344,-0.2340708912822514,0.11118867457628068
0.0,0.0,0.0,1.0
0.42946176877648035,0.746821605168756,0.5045209633518883,0.3764719938649541
0.4902964161807877,0.27807834940356846,-0.8264216830188218,0.1738289778528737
-0.7560214191244465,0.6035343401094191,-0.24312724834973642,0.11179897172404196
0.0,0.0,0.0,1.0
0.4363193209795184,0.7399155140204144,0.5099058732085382,0.37414027181084475
0.49262496416049895,0.278036912810225,-0.826194531302471,0.16440088290307328
-0.7520774939852937,0.6125431658273672,-0.24410886011166225,0.11144897900843576
0.0,0.0,0.0,1.0
0.440808352215863,0.7408623917541892,0.5055883993996458,0.3738706042795683
0.48572557557734986,0.2789631577615401,-0.8311308326958451,0.15071448678902322
-0.7552545615442532,0.6136656159073328,-0.24084316635426362,0.10776762608967896
0.0,0.0,0.0,1.0
0.4474392998573562,0.744483483634957,0.4955205312837815,0.3752026926516271
0.4722840819954728,0.27753730523347986,-0.8395044073419933,0.13655959844202487
-0.7601383090735856,0.6103102883557286,-0.2312512546757513,0.10042923119995237
0.0,0.0,0.0,1.0
0.4527686264590691,0.7481255500426256,0.4855552763458941,0.3761050347276995
0.4570846928854273,0.27600788869394677,-0.8469503987305802,0.12590667492722057
-0.7665531531931383,0.6058182277284889,-0.21767293769457308,0.09133876156233259
0.0,0.0,0.0,1.0
0.45057303432795875,0.7536298162410888,0.47812956496136405,0.37686212316783374
0.4412637885444461,0.27754132015221833,-0.8523700426153812,0.12058443775820751
-0.7775776089309419,0.5958262575659657,-0.20543485436598805,0.08272967129773921
0.0,0.0,0.0,1.0
0.44147572977960975,0.7628629586608956,0.4727030241349678,0.37949687076154126
0.43023799450039657,0.2791108349788487,-0.8568523933544565,0.12054801247982766
-0.7888275253004469,0.580589583115392,-0.20314527177749248,0.07595819117054246
0.0,0.0,0.0,1.0
0.42847192176671306,0.7719990922663836,0.4702515249308963,0.3832203077129982
0.4283511580423657,0.28016021108600336,-0.8580996331114694,0.12348057209494609
-0.7962735166890338,0.5673629910832858,-0.21035025030874924,0.07244251744337042
0.0,0.0,0.0,1.0
0.4186547548668635,0.7696984614834776,0.4794127152398124,0.3852023171555218
0.4307265538827314,0.29183242969637835,-0.851993739041399,0.1271544286724237
-0.7988275253004469,0.562973497905714,-0.2103833733625009,0.07196037016304924
0.0,0.0,0.0,1.0
0.41171071306511203,0.748763002898517,0.513020622326444,0.38397923261114925
0.43659345689060025,0.32764931197658187,-0.834225627093272,0.13558602891220775
-0.7975909919934032,0.5684612153167439,-0.1949520264659259,0.07555681788246198
0.0,0.0,0.0,1.0
0.4005687937494319,0.7113074575727442,0.5686859089383516,0.37881558691721096
0.4473896280161713,0.3850187493144081,-0.8014387914129841,0.15802717574163877
-0.7970057074988646,0.5767997611986645,-0.16894314121017429,0.08599444001397928
0.0,0.0,0.0,1.0
0.3674488011425222,0.6484535423679205,0.6452363358987663,0.3686565987427173
0.45625964451409284,0.46996520008819465,-0.7339126590932628,0.19438562143110397
-0.8058503287415506,0.5705503014586202,-0.13562574278250059,0.10033494087895958
0.0,0.0,0.0,1.0
0.29046763948679816,0.5199645354746015,0.7596641834659212,0.3458722092569587
0.45141184401904266,0.6082827858881381,-0.587414689149965,0.24021582272191816
-0.8333237371805018,0.5335726330457139,-0.08612917090158113,0.11767912283465212
0.0,0.0,0.0,1.0
0.21194361202531026,0.36743932276097024,0.8746779564384983,0.3126437970122701
0.4268550699669489,0.7585260637015403,-0.4179479273661897,0.2904322937903969
-0.8701199439013882,0.4781362271217873,-0.01732536399831615,0.13784893684799834
0.0,0.0,0.0,1.0
0.2164971060862788,0.3239112762145134,0.9094377341137425,0.2951913426959427
0.3991585136964238,0.8174000547134312,-0.38217012385018123,0.32561371628957236
-0.8845097788234013,0.4546017396443299,0.04286567178623461,0.14975058844789335
0.0,0.0,0.0,1.0
0.2572864064484283,0.3565761307583999,0.8926199813514746,0.2987896336121051
0.38418325794579544,0.8095125310353548,-0.4321667286920202,0.33938628706621743
-0.8817945260513332,0.4603590823316279,0.07035082294244031,0.1501176341286568
0.0,0.0,0.0,1.0
0.24832610864182209,0.3544660388062374,0.8981480063518887,0.3090072908032928
0.3767854527241091,0.8190301380973679,-0.4267412601073126,0.3422942796773507
-0.8892766118422405,0.4485704345921621,0.06865900067485178,0.1456450308136048
0.0,0.0,0.0,1.0
0.20298122570423005,0.33603301766629634,0.9156952622775334,0.3212340702256656
0.376590780278108,0.8345268024967187,-0.38823564307307873,0.33860308322972044
-0.9017424906705784,0.42647203834888925,0.04164146693752111,0.1389773397134511
0.0,0.0,0.0,1.0
0.1802449403629347,0.3854386234695928,0.8921904736872979,0.3412747122418186
0.3812447685548852,0.8052910851041488,-0.42351780373008197,0.32988618484479226
-0.9046618127038895,0.4230477555138482,-0.0025814947380653317,0.12685513800171128
0.0,0.0,0.0,1.0
0.207192760928118,0.4834706531556209,0.8359335906810434,0.3692208728566744
0.3794350209884034,0.7459891048596924,-0.5257686073260346,0.31704175290295844
-0.8987944022466953,0.43630797804903154,-0.02879494620886737,0.11003785209124975
0.0,0.0,0.0,1.0
0.24111946823587865,0.5254049663318245,0.8122415653191128,0.39169106550320754
0.35868338492335883,0.7284431298972558,-0.5789789266498231,0.29965675254098534
-0.8974130046689119,0.4364185538066968,-0.012098435948753383,0.09873964077487304
0.0,0.0,0.0,1.0
0.23934194880107285,0.5187702814508792,0.8208661432202367,0.40201457188312306
0.31744345111017125,0.7549468917586906,-0.5718098891300198,0.28338305872636965
-0.9118480184348534,0.4006990149432141,0.014781756605277748,0.0940636366880053
0.0,0.0,0.0,1.0
0.19830735401753002,0.5052060407749507,0.8388586480885495,0.40798069704289275
0.28365473661044016,0.788671663735584,-0.5424181889159561,0.2687464948473527
-0.932910950451393,0.3485662539685396,0.010471521482422055,0.08466327576171304
0.0,0.0,0.0,1.0
0.14338361905629185,0.4854196438848009,0.8603985838436881,0.41413879073657656
0.2691140007038204,0.8174777761360925,-0.5053395256023566,0.25419718264368096
-0.9481090012551925,0.30706276539412425,-0.016763208967250028,0.06719972719097926
0.0,0.0,0.0,1.0
0.10683207683755294,0.4666714457153581,0.8753789984428979,0.4168498561229207
0.26252441136392046,0.8368963702262155,-0.47703570453312494,0.2451667850382263
-0.9562695017702952,0.28194749845129996,-0.0357799751969632,0.05135092128444586
0.0,0.0,0.0,1.0
0.10137404408714967,0.4491329678805163,0.8847552957119493,0.41480399578514504
0.25704572749421156,0.8471736718622691,-0.46021948196016116,0.24300015471077308
-0.9594090785783619,0.2733411461956631,-0.03203919055348084,0.043776719180580376
0.0,0.0,0.0,1.0
0.10003223415450457,0.4117834491854039,0.9011244829090557,0.4112259239408134
0.2506782203477926,0.8640841086398288,-0.42657554112540197,0.24270200824437185
-0.9604929160455143,0.2680269975116961,-0.0194731697492936,0.04012311752446909
0.0,0.0,0.0,1.0
0.07999752165583307,0.3525551740707358,0.9270614525667633,0.40836278718819796
0.2472353884596694,0.8916311022319932,-0.36355003256104645,0.24178470108970235
-0.9624116846190891,0.2593154227233787,-0.018370037805927605,0.03775985114932201
0.0,0.0,0.0,1.0
0.06061873302930866,0.31853422729782266,0.9432435190768276,0.406938241099767
0.2514678291341703,0.9079795893888513,-0.3213705490258326,0.24038753720924683
-0.9637477670188672,0.2568568211673472,-0.027766508115766766,0.037035963214433996
0.0,0.0,0.0,1.0
0.0804749779940646,0.3384447812764244,0.9351596000039484,0.40724557374813264
0.2631721272281272,0.8980532105164679,-0.3438035322787065,0.23802957683939074
-0.9590299510238492,0.27360281208487675,-0.020299336789914385,0.03937120881349948
0.0,0.0,0.0,1.0
0.14441166785814288,0.3834253576885961,0.9079168690876069,0.4078301644567067
0.29157284944912,0.8582433899652128,-0.40912999130248623,0.2338704683959395
-0.9394765266580347,0.32458094504890844,0.005166086124814461,0.04587702327517294
0.0,0.0,0.0,1.0
0.23363306937919442,0.4370140007890324,0.8627174109012734,0.40612740806724906
0.3583103358616168,0.7757943039209425,-0.49382708700783196,0.2246123909573935
-0.8927212894859352,0.42418345232219856,0.013958057574150997,0.059664732828202206
0.0,0.0,0.0,1.0
0.30106578147595536,0.49373101282106935,0.8115946406063463,0.4018379514741772
0.4502835516016132,0.6660037009282849,-0.5717873238781435,0.21028147258619567
-0.8315464434054844,0.5356889815670319,-0.02808975037638165,0.07907472613476338
0.0,0.0,0.0,1.0
0.33204213061866417,0.5377755416570877,0.7731576002358227,0.4001369361699971
0.5105658901970953,0.5831951908079455,-0.6229735924608872,0.19816030114982344
-0.791110379844865,0.6014201047457695,-0.08018901398942208,0.09462028966084812
0.0,0.0,0.0,1.0
0.34769034281781225,0.5558848155804335,0.7552711103316865,0.4015194330126318
0.5226514537253464,0.5538644251612254,-0.6470492604425098,0.19078643726852912
-0.7797989125828437,0.6193308712358548,-0.09544128767398913,0.10227242820464824
0.0,0.0,0.0,1.0
0.3622292042973415,0.5582677448429122,0.7480044335398754,0.40342523799654084
0.5127112665248486,0.5507128108998278,-0.6589392736594741,0.18612422655696553
-0.7795688005518858,0.6209617425785983,-0.08409702076581152,0.10541408188265142
0.0,0.0,0.0,1.0
0.37623355473601316,0.5525594198787241,0.7438967245000955,0.4056887515738005
0.5007091559015314,0.5538604357213721,-0.6654277317646042,0.1847692024574144
-0.779511098873224,0.6234901688612571,-0.06587091792660735,0.1078115700274501
0.0,0.0,0.0,1.0
0.3913783681868882,0.5438033778261124,0.7399217671786078,0.40825947805848817
0.49161973382262114,0.5569594648353425,-0.6689527533505317,0.1863701511642762
-0.7787474070180025,0.6281573347901312,-0.04919545729251082,0.11197588255141537
0.0,0.0,0.0,1.0
0.3953306759419206,0.5280149963528835,0.7478281517449568,0.4086241435307586
0.48667625178553686,0.57078777747573,-0.6573310810356652,0.18878591906470985
-0.7819311550742314,0.6263577972582548,-0.03275606711148906,0.1174733626777168
0.0,0.0,0.0,1.0
0.3865146658804406,0.5236106796284317,0.7543710027052594,0.4061638389913128
0.4790086783499099,0.5843240074765668,-0.6476501279076188,0.18886874984047947
-0.7904442407661345,0.6140864435078798,-0.026111725373572894,0.1199354348032946
0.0,0.0,0.0,1.0
0.3970062546536704,0.5618522497979181,0.7207056373981569,0.4053418270521269
0.46085668575080174,0.5571107716295456,-0.6844549336887112,0.1837241533267166
-0.7928626169164543,0.6061975496594045,-0.038888256370003725,0.119043336403573
0.0,0.0,0.0,1.0
0.42101742246213136,0.5979681303737117,0.6817510311500143,0.4067771164962823
0.44542950114100344,0.5210405369422368,-0.7271651313828331,0.1754529823041825
-0.7888412501073496,0.609906156910653,-0.04857326571473188,0.1192343014177012
0.0,0.0,0.0,1.0
0.4340279181143365,0.6056099537022771,0.670317687517188,0.4058864560051899
0.4397481149878165,0.5095225129534219,-0.7393991573144878,0.17007043219248366
-0.7878259681368662,0.6145132934348536,-0.04707811743884934,0.12345357811764807
0.0,0.0,0.0,1.0
0.43278467302663826,0.5869917694036739,0.6843249982704669,0.39576872570452615
0.4392071361629387,0.5239927824234352,-0.7219630793118518,0.17450328353009287
-0.7901588147374309,0.6138491377258272,-0.03614052827699164,0.1349856165789893
0.0,0.0,0.0,1.0
0.4043060657515231,0.5097384457227498,0.7361562239212527,0.3611806129918703
0.41929874155127445,0.5944401282603484,-0.6400137510425599,0.20084242969624652
-0.8073578067558189,0.5778160039748779,0.0028312992135051222,0.15583662869482767
0.0,0.0,0.0,1.0
0.317505431698706,0.33028023509764104,0.8316999884391421,0.2951608132612552
0.3336176645216043,0.7423285369457497,-0.43277994253653623,0.2571847536408018
-0.8636410007695758,0.44724418973760616,0.06525896575424121,0.1773145892954899
0.0,0.0,0.0,1.0
0.19102473890147476,0.12153070867310536,0.9322849787360479,0.2373753570120052
0.21296288024301316,0.8975489449368708,-0.17297611731157087,0.32297438179054266
-0.9389862982589741,0.26172294642982563,0.09659821014791395,0.18416256832705663
0.0,0.0,0.0,1.0
0.11242298389468994,0.03091914962642778,0.9834601261561711,0.2341317699476977
0.14979102616399942,0.9726588326948651,-0.051004937399412684,0.3608176924127665
-0.9797620309784887,0.1616428866706679,0.08992392211517938,0.17650246630359429
0.0,0.0,0.0,1.0
0.07972417166673014,0.04010198846730487,0.9927137246195917,0.2700157602815309
0.15397118244997815,0.9841573930916203,-0.05371300323658189,0.3637750605562736
-0.9852919701114736,0.1597386185487852,0.0650057059229648,0.1594573526085237
0.0,0.0,0.0,1.0
0.07965883939891569,0.09543215952001163,0.982000815971957,0.31279204722395554
0.19261803459797913,0.9664544257993457,-0.11299551801872434,0.34604503126409436
-0.9747998452173994,0.20409873934528547,0.04675653507357665,0.13527467584565175
0.0,0.0,0.0,1.0
0.15472367986196162,0.22112613566235859,0.930556443761622,0.34697142800322117
0.25320365694503677,0.8943849838802971,-0.2603761686140399,0.31031117038287925
-0.9433786043831149,0.29299641411749405,0.05203194265198195,0.11626119760931611
0.0,0.0,0.0,1.0
0.27556948707264267,0.41938540377858274,0.8176614258665684,0.37175025491148583
0.33692533099319055,0.7343863639654468,-0.49178555109078204,0.25250652636808635
-0.885033457575731,0.426597019209706,0.020338202359900224,0.10947471875663613
0.0,0.0,0.0,1.0
0.3626417732079895,0.6066679311613892,0.6649238894138323,0.38708043091809613
0.4010669944820864,0.5321681275339378,-0.696559590450545,0.18773193401288862
-0.8345159153584982,0.5241756722492609,-0.07038915765763853,0.10209862420489296
0.0,0.0,0.0,1.0
0.39134214459253047,0.7324187706710309,0.5298106860450401,0.39266212460096706
0.413552594426425,0.37682745277227664,-0.8149202834607285,0.1362000934039929
-0.8210988535719366,0.5403605217966431,-0.15852501959292709,0.0881557203877291
0.0,0.0,0.0,1.0
0.4013794044541735,0.7815329931427175,0.4708201406039433,0.3934109099731812
0.4158177783214899,0.30715397754180473,-0.8550034220126843,0.10579739603825164
-0.8151130287033694,0.5406227458746241,-0.20087418542921415,0.07865638338383618
0.0,0.0,0.0,1.0
0.4126830969093138,0.7805236330815042,0.4688518333306267,0.3951422336993033
0.4229791713456602,0.2948854915876915,-0.8558294884753033,0.09529160414517515
-0.80512715329704,0.5533959259851424,-0.20652280844909143,0.07718997110006144
0.0,0.0,0.0,1.0
0.42830083138381714,0.7623493497171722,0.4818625272511572,0.3957184381174375
0.41816134970886965,0.30783828945315717,-0.8525045493226321,0.09651341574223371
-0.7999969816430665,0.5671860583629258,-0.18513805076993334,0.08156868995681812
0.0,0.0,0.0,1.0
0.4601880460991361,0.722543396716617,0.507280814492866,0.3868580582750044
0.40698702925374497,0.3382396679065681,-0.8443255362672937,0.10525586858167173
-0.7884488216740482,0.594318808223216,-0.1352588073522415,0.09277429036328627
0.0,0.0,0.0,1.0
0.48693092614138656,0.6464443305118541,0.5692486000902621,0.37076875197505055
0.4003559452781751,0.41128761779681944,-0.803318515023537,0.12611035812678123
-0.7759981422929356,0.6211503254978673,-0.058817815412282565,0.10707662400525905
0.0,0.0,0.0,1.0
0.45930845143943877,0.538692947443485,0.6796099351062683,0.3622037441491599
0.3930783676599918,0.5479614348930752,-0.7017877530357186,0.1629686569315527
-0.7926361232101009,0.5993514317493929,0.02808675749833333,0.11409415752830074
0.0,0.0,0.0,1.0
0.37254350757180854,0.415086391770484,0.8052061171541232,0.35919831904621885
0.37306017138531233,0.710484433608405,-0.5458328910548702,0.20960749056993
-0.8414768626754913,0.5188317456295499,0.09250190208094727,0.11034790071816103
0.0,0.0,0.0,1.0
0.28424964358000915,0.29823768581691984,0.8971966904705504,0.35276439357372336
0.3467775592207089,0.8325150269201791,-0.3891452160102685,0.2515110940663434
-0.8887258761208336,0.4323652783241059,0.1223333299085439,0.10319743482074765
0.0,0.0,0.0,1.0
0.2470682549531855,0.23004304361833727,0.9355003458348978,0.3463964605500922
0.3360855102953781,0.8836344403063652,-0.3055692118292182,0.27602560050479497
-0.9075055459648596,0.39449499546296163,0.1353273699909499,0.09776118695704321
0.0,0.0,0.0,1.0
0.2350735852336359,0.23628097389281955,0.9385378658352557,0.3492593679153481
0.3444393013528333,0.8839090398510411,-0.30735877464610495,0.27937071088151
-0.9084224553358928,0.3978217478077632,0.1220322263540968,0.09150888663889462
0.0,0.0,0.0,1.0
0.20381280401216184,0.25990865748358816,0.9406221987198182,0.3586505628603911
0.36099204554374165,0.875102009180478,-0.3165486204904016,0.2737511219846882
-0.9096350283225432,0.4066421615407878,0.08241568850386603,0.08601600923175226
0.0,0.0,0.0,1.0
0.161540953846423,0.25718775675045913,0.9511130929702041,0.36584521172164064
0.3644655965412776,0.8809443374553592,-0.2964764133489149,0.27096131547547986
-0.9175359669272338,0.39765772721338605,0.04893875906810934,0.08220577093050915
0.0,0.0,0.0,1.0
0.13122946351852494,0.2511716255057865,0.9581116778676846,0.3698495568501238
0.3590214065950077,0.8901257752048909,-0.27848762136037963,0.27150156676469833
-0.9252836696792666,0.38117549305648674,0.027767064486034932,0.07883560272042406
0.0,0.0,0.0,1.0
0.12258260215506164,0.2573218381920572,0.9581519815651465,0.372029324146119
0.3561824865462557,0.8920554556387992,-0.2809663758018536,0.27291278963186894
-0.9263191736114803,0.3749392617079813,0.01764334044708037,0.07597884400036092
0.0,0.0,0.0,1.0
0.12432107790690153,0.28032648436475904,0.9515630287057643,0.3738382609543142
0.358120196817641,0.8833985132719229,-0.30450122336059815,0.27344926199585173
-0.9229569491182809,0.37771993292326567,0.008888050959639123,0.07363281470976493
0.0,0.0,0.0,1.0
0.12678679103035526,0.31133138399215715,0.9419298167679853,0.37646004398568156
0.3617428324150196,0.8695557592338656,-0.33497056837696887,0.27355619971378076
-0.9205842298904074,0.382378072452858,-0.0006521670825596591,0.07083772834720836
0.0,0.0,0.0,1.0
0.1365253833643713,0.3240265726660511,0.9375762706246955,0.3783050703742822
0.362187073181154,0.8617970082874225,-0.35116529405584296,0.272890108704267
-0.9200443186162004,0.386367507146419,0.004734217414412936,0.06934959079187095
0.0,0.0,0.0,1.0
0.1593367847230299,0.3254253388542268,0.9334038664969074,0.3782103205017145
0.3533568712682148,0.8600013383062461,-0.3625583652745928,0.2715508656507606
-0.9199543430775536,0.38654611991746635,0.025791590795603347,0.07077735368998775
0.0,0.0,0.0,1.0
0.19036813740242858,0.3344438744603392,0.9242108804065243,0.37639317699962604
0.3389742059559505,0.8582459720225319,-0.38152990565201256,0.27054759262181427
-0.919367436574654,0.3847646638556723,0.05211364642994046,0.07388319048915164
0.0,0.0,0.0,1.0
0.22317571821875182,0.34927591731939633,0.9121096315112021,0.37296744750598126
0.32893271132028074,0.850938495117895,-0.4057350800551496,0.2703829783842129
-0.9163634922276807,0.3902756215853662,0.07711815768362021,0.07718628077727763
0.0,0.0,0.0,1.0
0.2571153447370513,0.36295547447795795,0.8985685888365906,0.36930398283546295
0.3249002963167656,0.8384316180692511,-0.4323229110526119,0.26908964290973125
-0.9094157701095927,0.40516057108686804,0.09958339272855601,0.07994992706792355
0.0,0.0,0.0,1.0
0.27979245194086283,0.3689509656372866,0.8893853236683333,0.3686499897614243
0.32960543107505047,0.8287984171654337,-0.44880829990052135,0.26362494860349567
-0.9006298868128538,0.42066434817285164,0.11105624048530886,0.08078053815886921
0.0,0.0,0.0,1.0
0.28496407122214124,0.3701716375377019,0.886733104270432,0.3700266965126828
0.34103114726903405,0.8237721402334126,-0.4525000381493749,0.2547879991207417
-0.8941764190465267,0.43026295138259474,0.10981603400396801,0.07919662153496956
0.0,0.0,0.0,1.0
0.2799463132400767,0.3623630093397091,0.890589583115392,0.3696333104342479
0.3482916289449782,0.8241347770428185,-0.4458585314259508,0.24612920637208485
-0.8930522778819122,0.43183146964742025,0.10654512335566148,0.07546163703815739
0.0,0.0,0.0,1.0
0.27417374243403425,0.3470487458511451,0.8964548060725734,0.36731692034286734
0.35049425435176057,0.829460088725793,-0.4340407865854333,0.23992264430522436
-0.8940364299222536,0.4311241411646144,0.10762326585338816,0.07155726465791645
0.0,0.0,0.0,1.0
0.27363784607856567,0.33726097078842365,0.8993727897996385,0.36449351533567215
0.3535841593186423,0.8334092197218921,-0.4260925110076089,0.23653423934333964
-0.8924210527628123,0.4336311545473349,0.10942379994706952,0.07114419683806522
0.0,0.0,0.0,1.0
0.27708469288542725,0.33497660509083604,0.9000456569224464,0.3606894986771608
0.35990868615510707,0.8325137049139513,-0.4219713224376165,0.2347391926209417
-0.8905412495804532,0.43990734784886093,0.1096427164155788,0.07503974304055752
0.0,0.0,0.0,1.0
0.2799127010738456,0.33129106926073376,0.9012127783970151,0.3562861416211076
0.36523801275682,0.8323825764840759,-0.4148805818043606,0.2344824050212063
-0.8900886372324006,0.44514937552441936,0.11045979299176277,0.08191485284322161
0.0,0.0,0.0,1.0
0.2818771265698667,0.31555345996113016,0.9065061579644458,0.3541962975361337
0.36335553296196876,0.8400970088143188,-0.39914297250475694,0.2364101038570292
-0.8905439261929455,0.44227437210730847,0.12040575345343663,0.08833193307215555
0.0,0.0,0.0,1.0
0.2820612979762633,0.287321690824019,0.9158692378759201,0.3566085679660975
0.3558722562328535,0.8553306649079591,-0.3743164081707995,0.23816395160797507
-0.892511028301459,0.4309871703972751,0.1389616831212173,0.09038666726817529
0.0,0.0,0.0,1.0
0.28021743079422495,0.27392050093960385,0.9203999221499342,0.3614276617672112
0.34999732338750766,0.8643893568434952,-0.36275070285254296,0.23804134408807892
-0.895160571086868,0.4214328858037323,0.14648659082007898,0.08866364690950457
0.0,0.0,0.0,1.0
0.27847312373888256,0.2804524179716495,0.9183832845343125,0.3654244348022773
0.34403375330976127,0.8637639630278977,-0.3674001400897374,0.23774851523346896
-0.8984316180692513,0.41618770343716366,0.14273401773103306,0.0863537175871376
0.0,0.0,0.0,1.0
0.27133989190815194,0.2831834063117875,0.9186574314793559,0.3638640362181863
0.3353806784935852,0.8662363787165437,-0.3661430320425605,0.2392159877740882
-0.9045750028902145,0.40726181998219035,0.1376649078570962,0.08686616183345969
0.0,0.0,0.0,1.0
0.2611375242270759,0.2809401751685825,0.9219227834923133,0.35885166356568843
0.3275346286209876,0.8719697787210057,-0.36098850870352117,0.24268119008652958
-0.9094560738070545,0.39749298661727955,0.13369287114473513,0.0896680368324895
0.0,0.0,0.0,1.0
0.25458331642980625,0.27988727325516877,0.9239048123798987,0.3576323279242054
0.3195057456482394,0.8769570902618109,-0.35760452956594213,0.24631728308170314
-0.91282399326968,0.3871719918115818,0.13450137072863633,0.09102064578333716
0.0,0.0,0.0,1.0
0.25769250483893985,0.27716353090395185,0.9219684404147597,0.35803643135219243
0.3105882448091458,0.8801342941548471,-0.354346570909944,0.24955224404228693
-0.9158209043409813,0.3770957410798378,0.14428026676011424,0.09233167813197592
0.0,0.0,0.0,1.0
0.27749178464511004,0.2617242618324577,0.9192456762885017,0.3551599651457543
0.30363249285358107,0.8847163303207336,-0.34531377437608457,0.25317108551085693
-0.9134052048031538,0.373092581579374,0.1691571753901776,0.0964714640357632
0.0,0.0,0.0,1.0
0.30533052857388243,0.22144494159390915,0.9214785427261787,0.34561378540456167
0.30049559265800674,0.8960078886939468,-0.3148488080908166,0.25818436680703655
-0.9060092270001929,0.3715267399270408,0.20671775745516818,0.10388741351037126
0.0,0.0,0.0,1.0
0.3183704089211764,0.17927220763225243,0.9285174423550828,0.3326974939119999
0.29829029063873214,0.9103515886149954,-0.27747386103858396,0.26429602983015255
-0.9017083710550218,0.3667245853204756,0.23329566212014008,0.11130254292453926
0.0,0.0,0.0,1.0
0.31856477932821675,0.17488238374420095,0.930617352944159,0.32172065811191036
0.2909854903465876,0.917565075062247,-0.2718757627847353,0.2707738808275818
-0.9024667096852587,0.35978123089952896,0.23859656407572225,0.11750798881351901
0.0,0.0,0.0,1.0
0.3207148508709573,0.19636744910409257,0.9262775316077723,0.315389941535962
0.27901718626590466,0.9162291980728337,-0.29053851492563454,0.2776598214219598
-0.9034535383380924,0.352693997735686,0.2375296171404442,0.122296890378491
0.0,0.0,0.0,1.0
0.3323337538366577,0.2183480503597203,0.9171706535053357,0.3202598158817114
0.27180102320616084,0.9095447110394552,-0.314854208324166,0.2829861168340442
-0.9000443186162004,0.35462903139457913,0.24246269476652016,0.12234356489321216
0.0,0.0,0.0,1.0
0.3428219714745512,0.23180922589056113,0.908260185941914,0.3277448853777808
0.27067554373530034,0.9022509589417211,-0.3347215146482003,0.2870138929817319
-0.8970877112423609,0.3624153577933863,0.24749398317908441,0.12248328723267123
0.0,0.0,0.0,1.0
0.3401826276897858,0.22757747259686506,0.9089688527309661,0.32537890184918333
0.27237941075910416,0.9014785427261788,-0.33107532955115776,0.2911303213081067
-0.8999516664650613,0.36341055802813826,0.24565060510952552,0.12729232623036804
0.0,0.0,0.0,1.0
0.3395203013120629,0.21494058898026586,0.9138507838755343,0.3102046159446249
0.2734508617256001,0.9055134980081097,-0.31507923979829267,0.2945098062938098
-0.902236745022339,0.35960007785006587,0.2474548520829845,0.13556710736882988
0.0,0.0,0.0,1.0
0.35950876400517295,0.21795426528332665,0.9077060607483248,0.28631511068750404
0.27004967184118495,0.9030840626294176,-0.3226236003753676,0.29777259863947364
-0.8958678995696738,0.3623436110928602,0.263177056524998,0.1467805588957125
0.0,0.0,0.0,1.0
0.38504399512818244,0.2316128368810258,0.894627693088333,0.26140781443183125
0.26726900062590053,0.8944433853478597,-0.34698514379269285,0.301721391688496
-0.884627693088333,0.37264130753756763,0.2800716103664495,0.15912541093682134
0.0,0.0,0.0,1.0
0.38832094249035615,0.2514822739428023,0.8873603144707936,0.2505908246363713
0.27225095894172113,0.8832282140404673,-0.37174522532539706,0.30280262750566656
-0.8791984756494444,0.38488930616468153,0.2739715475998816,0.16562920646033846
0.0,0.0,0.0,1.0
0.37585604918986154,0.2656175185686206,0.8888494273128646,0.2524018678236773
0.28376094467096413,0.8758928199390252,-0.3827383528647331,0.3025174623735135
-0.8804594512473216,0.3948685370481453,0.2557839607448941,0.1647232656097848
0.0,0.0,0.0,1.0
0.36244917536998206,0.25897140015142084,0.8956143163308021,0.2561765888054829
0.29192264715823646,0.8792051671806751,-0.37049011024098477,0.3038812631837044
-0.8844918552168752,0.3958087232506892,0.24466497842886126,0.1573914712888479
0.0,0.0,0.0,1.0
0.34008547150742885,0.2449589704158861,0.9058374531284145,0.2635610331047351
0.2901717738717785,0.8894252856213538,-0.34738002317869826,0.3060980951166334
-0.895160571086868,0.38231888509991185,0.23323590213350281,0.14540246432973655
0.0,0.0,0.0,1.0
0.3101450006048163,0.22061248563902028,0.9195530826213734,0.2734646146345125
0.2880288829727481,0.9001426657367653,-0.3136661018271785,0.30578187523364075
-0.9064494528475889,0.36519503244686585,0.2195776612462834,0.13385682702483553
0.0,0.0,0.0,1.0
0.281941159698472,0.14656205429230504,0.9392801376484994,0.2514745922123083
0.2865877619211744,0.918877538886073,-0.232395492501981,0.3053767064554418
-0.9146178358321305,0.34044974135915723,0.2210831246074625,0.1278486514010302
0.0,0.0,0.0,1.0
0.269790080559965,0.05588084579407739,0.9557131890766932,0.20336439491715183
0.2835518854586573,0.9407770930936836,-0.13785364287201668,0.3058416972653972
-0.919900314573189,0.31182157587837095,0.24244282558319258,0.12722290886248033
0.0,0.0,0.0,1.0
0.27909582990802617,0.03297298911884945,0.9588652104277429,0.18558328224235066
0.2836741348572891,0.9488566914777865,-0.11678113442887075,0.29990787973823574
-0.9175816238496803,0.3049061386542296,0.2609882504802916,0.1272457904499537
0.0,0.0,0.0,1.0
0.2767448437950527,0.07440190701220813,0.9541473363903985,0.20448543006396935
0.28798188774405553,0.9404151581100064,-0.15497058467698716,0.2849005031207469
-0.915611981462751,0.31529888016045354,0.24455765975870733,0.12383384260045668
0.0,0.0,0.0,1.0
0.24224377829801091,0.18666018443010035,0.9370614636007248,0.23989831453154237
0.29245417581656385,0.908182928152847,-0.25060663881370715,0.26449952825831485
-0.9233680668306636,0.32784422245387207,0.17051935860199696,0.11525047000044313
0.0,0.0,0.0,1.0
0.2056718523045797,0.3402755041265789,0.9036219807800149,0.27550031740979103
0.28837745323080993,0.862733499247746,-0.384049324410679,0.2430727261590325
-0.9343008559451711,0.33295111781477826,0.08223117854566184,0.10488223057198856
0.0,0.0,0.0,1.0
0.19451122798483883,0.4299899738462797,0.8779777254572789,0.2961046824562137
0.2714342241099784,0.837263363698801,-0.46538586282105193,0.22449898635545118
-0.9432682340358143,0.323900933795237,0.045467951940854456,0.09566339467355042
0.0,0.0,0.0,1.0
0.20099380388617938,0.48055105332450204,0.8503599315253947,0.31517302830238614
0.2588444158323214,0.8087468892340042,-0.5172341440093078,0.20682761774882297
-0.9457765857247808,0.3194232924977441,0.03647280082881058,0.08336219465070849
0.0,0.0,0.0,1.0
0.21372921796578498,0.5572791649896801,0.7968444346666907,0.34501258203653695
0.25771591800452726,0.7503936435128558,-0.5947734899132058,0.18753705408066962
-0.942419714456566,0.32807052497645617,0.01671287516666225,0.06735539976919905
0.0,0.0,0.0,1.0
0.2271496006866845,0.6081841413773065,0.755773192303193,0.3683066997330121
0.2583413007861632,0.7075715388968615,-0.6459845343274577,0.17389347563141994
-0.9387487453242487,0.33778885564326133,0.003792049122220746,0.05766940567973075
0.0,0.0,0.0,1.0
0.2233510399647124,0.5662838396156582,0.7802123247585084,0.36933627455676815
0.2545320225802603,0.736268546987394,-0.6048925958156339,0.17132630662568957
-0.9390601665758589,0.3329094758110702,0.017991539589893392,0.06042830464571694
0.0,0.0,0.0,1.0
0.1988239884602263,0.4678421419171284,0.8479417607854394,0.3574783649703298
0.2490534750446281,0.8118895534752923,-0.5033087810306219,0.17351190614553685
-0.9445346991927526,0.3134876285828414,0.04331221090757329,0.06819706976906485
0.0,0.0,0.0,1.0
0.18535211751337782,0.40857578370689596,0.8878547600063234,0.3507067450067931
0.24852581393700102,0.8561893692612559,-0.44252793305992855,0.1743125846527294
-0.9484259230998253,0.30476788762297047,0.05626499773907741,0.07171175177310529
0.0,0.0,0.0,1.0
0.18517574900461392,0.4071276041190935,0.8902688517623851,0.3544257165712559
0.24966379471311517,0.8583447299638258,-0.4425428913407147,0.1751390926708749
-0.9486627847043404,0.3075014730037947,0.05568259526739566,0.0685829469125032
0.0,0.0,0.0,1.0
0.172690559342561,0.4163592229776347,0.888918468030091,0.36397069544714067
0.2427285281719718,0.8579772962997037,-0.4478403059822291,0.1797647444634814
-0.9520654492290783,0.296537670043798,0.048157823902610614,0.061239880659658845
0.0,0.0,0.0,1.0
0.14349249269534656,0.38117315499580207,0.9080857354576432,0.37309820900957347
0.22567688926400825,0.8832463065445113,-0.4049827749461461,0.1882587081312321
-0.9621996070498489,0.264062850410813,0.04256505680582354,0.05378483031284216
0.0,0.0,0.0,1.0
0.11678714380875807,0.3110483795453498,0.9371661494741177,0.38183193186193387
0.2017468583677196,0.9190459526564767,-0.3307826152161861,0.1985240805497524
-0.9718354845661586,0.22709173719506082,0.044757630580000325,0.048205034543982596
0.0,0.0,0.0,1.0
0.09710271631318329,0.2583690157652375,0.9579246935147192,0.38697289567459303
0.16816063684917956,0.9448321119353451,-0.2733454154457089,0.20999899482615658
-0.9793244562646999,0.18946740570357984,0.04767829091955765,0.047398391151115105
0.0,0.0,0.0,1.0
0.09438347799318428,0.24860253560522372,0.963256189279599,0.38815770976995223
0.14522832439813532,0.9527579200090999,-0.25968904968486856,0.21752220546183784
-0.9839827431623303,0.1677030639208708,0.05211913598900171,0.04940417315247945
0.0,0.0,0.0,1.0
0.10610569969366732,0.25263760569175153,0.9617458507719532,0.3881350235569108
