-0.5948105516673686,-0.8032501160528851,-0.015425993671590407,0.2372021548610811
0.30131953361234487,-0.23494584238402058,0.9249016346230118,-0.16178190548860633
-0.7475191872505507,0.540248082645849,0.38175124050978454,0.09119302191881234
0.0,0.0,0.0,1.0
-0.5742373229630069,-0.8162029028843891,-0.010375170678100575,0.23196661808459776
0.28693117333065465,-0.20945895582991142,0.9336835030010121,-0.16587839949371333
-0.7668368046159815,0.5297119919139772,0.35249334661814413,0.08695138316383333
0.0,0.0,0.0,1.0
-0.5356549617727053,-0.8409398334241411,-0.013682301028842592,0.22982836257215236
0.2615213867020562,-0.18027575791944284,0.9469503987305803,-0.16918061466643045
-0.8004012604561803,0.5030496012694198,0.31269132112319376,0.08060183747305888
0.0,0.0,0.0,1.0
-0.5071985922316206,-0.8605216824360864,-0.030056716150818442,0.23767215170990796
0.23269533604193215,-0.16908509797917176,0.9581989767938393,-0.16867872858422983
-0.8274720811666665,0.4784015133724331,0.28181489538110177,0.07436301956724198
0.0,0.0,0.0,1.0
-0.500906504960025,-0.8661795262316485,-0.04703466826583956,0.24820449274983586
0.2129291792895137,-0.17198062150505156,0.9633555329619687,-0.16847859347118327
-0.8385979023819684,0.4713537640830928,0.265845619299968,0.0708670089076909
0.0,0.0,0.0,1.0
-0.5000050114805433,-0.8658682413141151,-0.06300380801289672,0.2526712968171928
0.20260501875884418,-0.18310315169526653,0.9629126305020803,-0.17023373932323188
-0.8434015316288563,0.47004665348425134,0.26225329380977214,0.0706492454433236
0.0,0.0,0.0,1.0
-0.49291263050208045,-0.867040374269227,-0.0718717733448821,0.25010735255886135
0.1940417831472382,-0.18837357464614812,0.9630039443469733,-0.1707516949998911
-0.8494587504195468,0.4629139688083266,0.25892151575783207,0.07183541979516156
0.0,0.0,0.0,1.0
-0.48636249566587564,-0.8671343647266121,-0.07878890165367239,0.24416418242607746
0.1830522778819121,-0.18928449431167912,0.9646193215064148,-0.16897396074739499
-0.8540820868447001,0.45636383397212177,0.2528723268046186,0.07227291292557902
0.0,0.0,0.0,1.0
-0.4821857348749079,-0.8672286969284386,-0.08796816293715279,0.2380513882706994
0.1741817722715111,-0.1933931600469383,0.9654263354160317,-0.16748792314631303
-0.8565961335030925,0.45223139179735433,0.24703903596298082,0.07124863324986139
0.0,0.0,0.0,1.0
-0.4686902127886662,-0.874760648936934,-0.09052470079301997,0.23190140570938303
0.17081519111513196,-0.1921400779524614,0.9675346286209876,-0.1675013882286186
-0.8641294238178339,0.4392757809853197,0.24009265215113906,0.06982371606973835
0.0,0.0,0.0,1.0
-0.4435425173149342,-0.8894614270320391,-0.08559529634124116,0.22604723372284788
0.1718520333535919,-0.18106728867971933,0.9694587504195469,-0.16835688181029634
-0.8764548060725734,0.41654779996815383,0.23417909565901882,0.06932292982752608
0.0,0.0,0.0,1.0
-0.4212641302888873,-0.9028209749127463,-0.07286127861020815,0.22510809699212636
0.17964841138500465,-0.16398809638731485,0.9699556813837997,-0.16929421535213524
-0.8858249192597197,0.3982588476356679,0.23368216469476594,0.06921760444507641
0.0,0.0,0.0,1.0
-0.41013161754235483,-0.9093701131871463,-0.05363650777231947,0.22883621764676237
0.1945750028902145,-0.1437251450047201,0.9699986616937539,-0.16978319065362224
-0.8899100244613534,0.3895473876519475,0.23762594246588042,0.06839398798687382
0.0,0.0,0.0,1.0
-0.40031128491753354,-0.9135881742373808,-0.03835283809305304,0.23296562382118885
0.20824061879754724,-0.12830718117060658,0.9700000000000001,-0.17011529057126623
-0.8930496012694199,0.38030994661128736,0.2423727192278734,0.06657055553755559
0.0,0.0,0.0,1.0
-0.38303840570697123,-0.9211684597808147,-0.03370640871727404,0.23600347757771492
0.21617952623164854,-0.12302952667572761,0.9700013383062462,-0.17065134301385845
-0.898211510662534,0.3635823318999166,0.2462641485453107,0.06394326000865774
0.0,0.0,0.0,1.0
-0.35905601532304376,-0.9324183761503199,-0.03330190424437178,0.23863125400478502
0.218146628340162,-0.11912414689159911,0.9700443186162003,-0.17114356188549912
-0.9060575605351318,0.3416596957756417,0.24495871799715663,0.059741059794404
0.0,0.0,0.0,1.0
-0.33147720441993256,-0.9433112143457684,-0.0222300789699934,0.2432222231290258
0.21330987603952228,-0.09917646278183515,0.970538572967961,-0.17299228080529755
-0.9175816238496802,0.31785456882255403,0.23329466555833517,0.05348012266022083
0.0,0.0,0.0,1.0
-0.3086654613168327,-0.9481506432589004,0.023797333270917393,0.2507512267708579
0.20237807245285802,-0.042124594803121,0.9723740575341195,-0.18029092873791425
-0.9294574121133007,0.3036932128891764,0.20667477714521404,0.046542405294523734
0.0,0.0,0.0,1.0
-0.28910280514137177,-0.9463178353052341,0.10799126692174009,0.26053420854909476
0.19076819588643934,0.05085957880762022,0.9734038664969076,-0.19405751970516238
-0.9398630292326606,0.30067252537836675,0.16865856437523732,0.039281859068316854
0.0,0.0,0.0,1.0
-0.2687567751617256,-0.9400443186162003,0.18604787612585258,0.27152210470768606
0.183015139909422,0.13779070854087216,0.9694157701095927,-0.20833529908315437
-0.9487818683780004,0.29403776822849975,0.135946995811428,0.030729276226131627
0.0,0.0,0.0,1.0
-0.25265235573197803,-0.9342234142752192,0.2350280515378815,0.27972989129830983
0.18552735914908888,0.1924643330383041,0.963590850849873,-0.22003875055258326
-0.9534011898844152,0.2848451238825579,0.1230299976122063,0.022624645745963956
0.0,0.0,0.0,1.0
-0.24521425784679132,-0.9342650562789272,0.2526335085893405,0.2813068074679502
0.19699169898984695,0.20801017216418727,0.9612154550095073,-0.23067261726551763
-0.9529112921958343,0.28157239684948726,0.12947629576878494,0.01822137698757772
0.0,0.0,0.0,1.0
-0.23915247698255665,-0.9405412495804533,0.24356613589088627,0.2799392607433853
0.200449593991119,0.19755858894138079,0.9630509395756659,-0.23879706816305096
-0.9529112921958343,0.2755602878264375,0.1370940610291503,0.016024482021038032
0.0,0.0,0.0,1.0
-0.2329331942082521,-0.9482446337162856,0.22013195928679605,0.28084734093656916
0.1979913922218552,0.17604150086017786,0.9669503987305803,-0.24140188571169097
-0.9534011898844152,0.2658941582452713,0.1444032179844745,0.01404194393480939
0.0,0.0,0.0,1.0
-0.23628752519805135,-0.9503529269212414,0.20436206509324592,0.2833902494431328
0.20463319368135574,0.1576759560515066,0.9688275253004469,-0.2409844752001657
-0.9487832066842465,0.2669174120109052,0.1574514919816097,0.013371615331872255
0.0,0.0,0.0,1.0
-0.25220094535609494,-0.9453793401873392,0.20233657781718817,0.28506689509480443
0.21928845118809115,0.14708469288542728,0.9669034035018875,-0.24061796208862024
-0.9399100244613532,0.28283217047519493,0.17161819010601037,0.015093345298081914
0.0,0.0,0.0,1.0
-0.2676630804383706,-0.9411684597808148,0.20130092651693623,0.28511345255658693
0.24157675351266697,0.13587459110090455,0.9624183761503198,-0.2396201643958943
-0.9300886372324007,0.30066836309159006,0.1921596450968282,0.019186914491292076
0.0,0.0,0.0,1.0
-0.27578327725601165,-0.9406298868128538,0.19689135874567226,0.28220742465853366
0.26761207029093953,0.11998661693753854,0.9575802855434339,-0.23611014201349367
-0.9211697980870609,0.3127283227616072,0.2182459720225318,0.02579461557175141
0.0,0.0,0.0,1.0
-0.27825181435999585,-0.9424223910690583,0.18953807755055083,0.2753832577131934
0.2856406115192464,0.10366883967463088,0.9530496012694198,-0.22973132598146556
-0.9159649083839927,0.3169437071993495,0.2387868798585437,0.033523314965112266
0.0,0.0,0.0,1.0
-0.28373217828039216,-0.943989434693561,0.17705427192305312,0.27018370343476616
0.2899986616937539,0.08705293361680697,0.950539911274207,-0.2222274904725689
-0.9134038664969075,0.3189218575022733,0.24884273578163396,0.03973487449254102
0.0,0.0,0.0,1.0
-0.3006312251191,-0.942419714456566,0.14621266031936175,0.27108676947405974
0.2943110549458149,0.052038917885327524,0.9494130934971003,-0.21480273930724503
-0.9058249192597196,0.3245253310490296,0.26396080463706567,0.04527745458440742
0.0,0.0,0.0,1.0
-0.3199029911856812,-0.940539911274207,0.09452665832131418,0.27487559055464383
0.31171104766751406,-0.009062854222312683,0.9463648305339267,-0.2071456165654449
-0.8929609640370193,0.32824195710379334,0.29933431352090223,0.051724991040461174
0.0,0.0,0.0,1.0
-0.3316488419576344,-0.9400456569224465,0.04759281941212878,0.2775946299798074
0.33424548913456037,-0.06881365312550591,0.9394157701095927,-0.19950492268509987
-0.8812181316219996,0.32626950177029534,0.3405633244397944,0.05852753820187362
0.0,0.0,0.0,1.0
-0.33913781365617546,-0.9400469952286925,0.009749240741658794,0.28034939610845655
0.3476632858487352,-0.1159373694444753,0.9306312251191,-0.19170884948937883
-0.8737734785396589,0.3192774610360071,0.36823364356420163,0.06494324191664622
0.0,0.0,0.0,1.0
-0.34169281882939345,-0.9405842298904074,-0.017642869510601705,0.2835035873089776
0.35145931732625324,-0.1457948510757483,0.9242220759689731,-0.18367935217084597
-0.8717593812024528,0.3089228540640782,0.3792998776397896,0.07102540873880792
0.0,0.0,0.0,1.0
-0.3340807485384539,-0.9429582874245269,-0.028416407588064102,0.28654409601075
0.35107433298935287,-0.15240316566913278,0.9236378460785657,-0.1747219324820652
-0.8754719923384782,0.2958817717446147,0.37837645666900505,0.07638024135670296
0.0,0.0,0.0,1.0
-0.324312393252061,-0.9463661688401728,-0.033181424222139225,0.2896241636727612
0.3446525808942431,-0.14977488111273946,0.9270417125754732,-0.16465844971784976
-0.880986828652834,0.28678177954981193,0.37089163622327903,0.08049684393871824
0.0,0.0,0.0,1.0
-0.3276746177452604,-0.9459148947983664,-0.039006479815935496,0.2940565620214568
0.33776847186856906,-0.15313724194001557,0.9294157701095926,-0.15639663403585963
-0.881879803182359,0.2911268177771067,0.36628605055772856,0.08347280600441195
0.0,0.0,0.0,1.0
-0.33878152663355915,-0.9411241411646144,-0.04923448072605296,0.3007685443073984
0.33107426391306494,-0.165736282027319,0.9299543430775536,-0.15021321668108292
-0.881078484242168,0.29878286493980527,0.36556062957087876,0.08456840381432815
0.0,0.0,0.0,1.0
-0.3392287857566271,-0.9395557592338657,-0.0556795769104621,0.30797945120458003
0.32924969120724,-0.1721357212892817,0.9299986616937539,-0.1454813616095117
-0.8830039443469734,0.29582491925971965,0.3675373052334798,0.08438751205433959
0.0,0.0,0.0,1.0
-0.3293731315440797,-0.9440807485384539,-0.04873888806804623,0.3130755456066419
0.3325070133827205,-0.16223842507302633,0.9300013383062462,-0.14347907527647952
-0.8864561443788196,0.28758330390036757,0.36941175519085423,0.0842456930450879
0.0,0.0,0.0,1.0
-0.3236284779348426,-0.9464561443788195,-0.03707432817989934,0.31617129990260595
0.3363298800614494,-0.15007961083311888,0.9300429803099541,-0.14372840587719743
-0.8869933790405344,0.28610054084508585,0.3693284711834382,0.08325137324721432
0.0,0.0,0.0,1.0
-0.32156972023699504,-0.9459205897677923,-0.030801866094996883,0.31890127245545596
0.33609484587565996,-0.1448826146334508,0.9304955926580067,-0.14514849067138597
-0.8859192514615462,0.28870140835111485,0.36654210499872797,0.08062927244169049
0.0,0.0,0.0,1.0
-0.3166655453355677,-0.9475816238496801,-0.02419265156840371,0.3197234744073439
0.3334167421100435,-0.13719258099663867,0.9318811414886052,-0.14773536760904843
-0.886998732265519,0.2883779313093279,0.361660037520083,0.07865350769951998
0.0,0.0,0.0,1.0
-0.3086934365559644,-0.9495943828806401,0.0006491011788178,0.3149139786436471
0.34085702749524305,-0.11266914644262263,0.9316140388531953,-0.152203334124502
-0.8866360954561132,0.29017867081337384,0.3612529347264387,0.07865858423711594
0.0,0.0,0.0,1.0
-0.29324880322552416,-0.9516210721288674,0.04341304026422745,0.30338621676288136
0.35739697436476564,-0.07074648825042461,0.9289661761184738,-0.15813028505084153
-0.8852535649824484,0.28953317373256526,0.3632705689038653,0.07863817923182925
0.0,0.0,0.0,1.0
-0.2646258767035689,-0.9578420349538592,0.07713168811411988,0.28447577042236893
0.3595416926825216,-0.02793455077092164,0.93040561711936,-0.16390908614905103
-0.8918854981517848,0.273190450621421,0.35254563702949493,0.07584165910288876
0.0,0.0,0.0,1.0
-0.22677354430197044,-0.9649306064239482,0.11076337878229908,0.25822053435374287
0.3546364064146924,0.021608880004613758,0.9318284512904866,-0.1711186102377903
-0.9033551912175275,0.2518471582071252,0.33630011710907254,0.06925496365882443
0.0,0.0,0.0,1.0
-0.2043828342097822,-0.963759606364718,0.15876299575647768,0.23819773097710584
0.36850954885168263,0.07292386257737585,0.9245333608865065,-0.1813980696836035
-0.9028666318351928,0.25207818850813773,0.3370808143007655,0.06127283744240683
0.0,0.0,0.0,1.0
-0.20252688256604812,-0.9591960044473167,0.1932307797977681,0.2347862047455056
0.38580838150624797,0.10081140708564336,0.9156146580752433,-0.19119884989860786
-0.8960592405858191,0.26556113702020423,0.34573361644878825,0.05755406517775906
0.0,0.0,0.0,1.0
-0.20414762398443567,-0.9589648378122275,0.19692018317857063,0.24002543784598912
0.38230635123121715,0.10459212431133881,0.916514335169961,-0.1978122665775882
-0.89933163690841,0.2670423673928367,0.34150348857441537,0.05914818334617852
0.0,0.0,0.0,1.0
-0.2004804930320111,-0.9627753179902998,0.1785898725444915,0.24571512593936878
0.3663887908543199,0.09401185129734349,0.923774816845905,-0.2014299587020246
-0.908381604483625,0.254824534697501,0.33150638163123375,0.060838254515757084
0.0,0.0,0.0,1.0
-0.22362561744146534,-0.9592704277603351,0.15367413485728906,0.25177932618309196
0.3357051592392164,0.0716610340818879,0.9365115111894303,-0.20343653903818812
-0.9133165675707531,0.26559138124373266,0.3069550756087215,0.05970466190228351
0.0,0.0,0.0,1.0
-0.2810282762801387,-0.9458292759228993,0.13292784098326754,0.2629436332737868
0.29147592415601287,0.04746267651009679,0.953492503729308,-0.20671513146354348
-0.9123713809216274,0.3097367179069256,0.2648341337304739,0.06126690626207863
0.0,0.0,0.0,1.0
-0.3298514919257707,-0.9335895125436269,0.12156851826482548,0.27640761487026755
0.24764835906966295,0.0397012489511613,0.9663648305339267,-0.21386392685753058
-0.9105399112742072,0.34895731542407604,0.2176027021472165,0.06466750446921364
0.0,0.0,0.0,1.0
-0.3620906004876796,-0.9247562922737542,0.11597414019363897,0.2930262852631126
0.19601410214665954,0.04817522188381053,0.9753310066524004,-0.2242467922228178
-0.9100886372324007,0.3772538481870399,0.16206764776305274,0.0649530407123952
0.0,0.0,0.0,1.0
-0.38821773125728604,-0.9166028250343232,0.10470057268474063,0.3129659663277842
0.1326628567715826,0.05914128142010802,0.9844796741265831,-0.23625990632449934
-0.9105439261929456,0.40014586797458374,0.09836333913265762,0.061586227678670766
0.0,0.0,0.0,1.0
-0.3992649271673124,-0.9136808263885199,0.08719276092811802,0.3260361115312508
0.08058688102401443,0.06121130375669223,0.9912472397570129,-0.24855490902192762
-0.9125083516889667,0.4068465510169925,0.04793867654485151,0.0565594520017834
0.0,0.0,0.0,1.0
-0.3981493049526543,-0.9151619093931143,0.07669327865148795,0.3284067877856591
0.05653918646302426,0.05874204275905643,0.9938981208486681,-0.2595532296188521
-0.9150692572419752,0.4017401558025273,0.02564487362725291,0.05273817430816265
0.0,0.0,0.0,1.0
-0.3903224804799822,-0.9173034619858984,0.08735883983047063,0.3223960009325951
0.06528047847540946,0.06662827102900086,0.9924170378440738,-0.26874205631224657
-0.9172551284509596,0.3933734200556481,0.03317218527045359,0.05384240522399737
0.0,0.0,0.0,1.0
-0.3837762914862278,-0.9189673780906432,0.09809126152955122,0.31565476486806016
0.08492370948235295,0.07096091172167751,0.9905412495804533,-0.2743688811298707
-0.9183831482002358,0.38835129437644234,0.05309491644742502,0.057546987266760205
0.0,0.0,0.0,1.0
-0.39137587150587533,-0.9161296489800991,0.09487662492794854,0.3163480596170511
0.09839103066967447,0.06146037193038449,0.9900886372324007,-0.27588137778168265
-0.9131686849430799,0.3962153004190073,0.06920220686606798,0.05973322316556276
0.0,0.0,0.0,1.0
-0.4115226559320145,-0.9089700547031355,0.07857714429939368,0.3221745444901215
0.10376461784526127,0.03713924701511809,0.9905358963554687,-0.27545788720825926
-0.9025112337118236,0.41600233005859766,0.08149292235044507,0.06322352694869152
0.0,0.0,0.0,1.0
-0.4392012213382247,-0.8973934375245451,0.042602547556716455,0.32579281594846654
0.09957612856363418,-0.0049885918047249175,0.992235748460534,-0.2733876233686775
-0.8902617494104252,0.440941377140752,0.09271838198419308,0.07093691640779815
0.0,0.0,0.0,1.0
-0.4627548906182048,-0.8862887271702209,0.006015058303695385,0.3225261689194244
0.10618413008409633,-0.05041379432487504,0.9916001666782543,-0.26282350498318574
-0.8785671141962679,0.45848849603303155,0.11780084554978391,0.08095423273841668
0.0,0.0,0.0,1.0
-0.4785977660478917,-0.8791528187269979,-0.012322694608285702,0.31577981584025505
0.15666269587615192,-0.09811884747743335,0.9797646821120957,-0.23966735015693932
-0.8625566852239055,0.46204327454850724,0.18446308882630313,0.08969864862783923
0.0,0.0,0.0,1.0
-0.4794825053295755,-0.8782155255812725,-0.029421817857421293,0.30918808885206467
0.2280489360369607,-0.15406856744816194,0.9588788771923191,-0.2118221000841639
-0.8477242895864454,0.4459886632940212,0.27252994846978995,0.09424622646021913
0.0,0.0,0.0,1.0
-0.4703572835844212,-0.8800926521511391,-0.050973581924448945,0.30271853068737187
0.2723998636100844,-0.19885128021047555,0.9412141167032612,-0.19062180291195913
-0.8412611119319537,0.4239924530504945,0.3312247122980389,0.09545302223950605
0.0,0.0,0.0,1.0
-0.4606258718941154,-0.8830066209594656,-0.07609490391798636,0.2985347734373631
0.2904270371613376,-0.23124060626810855,0.9277185946170196,-0.17969479615089395
-0.8395084222607317,0.4052948652417151,0.35970449819734474,0.09580187042640631
0.0,0.0,0.0,1.0
-0.4530872283543894,-0.887538643539726,-0.0944587686759702,0.2980302394528999
0.3061343584216816,-0.2549839585814696,0.9160629137601162,-0.17645770904017244
-0.836958428568057,0.3886088925340525,0.3824898208118852,0.09701594282732634
0.0,0.0,0.0,1.0
-0.44779926005426973,-0.8920167739496985,-0.09506341490451103,0.30010874378270935
0.32375157652724107,-0.26187015133652114,0.9082585058912267,-0.17671475062101344
-0.8326506756812906,0.37659500060721096,0.4029847189470479,0.09919754532461134
0.0,0.0,0.0,1.0
-0.4407041627578341,-0.8962820356389901,-0.08672908935169346,0.3029133531157187
0.33770358954619706,-0.256088006976391,0.9036835030010122,-0.1773001979337653
-0.8305967637591021,0.3673016345671727,0.41599254187868306,0.10229825838930648
0.0,0.0,0.0,1.0
-0.41963822341832246,-0.9043025359958586,-0.08476916788689022,0.30441616050208986
0.34235884705293246,-0.24561333080295875,0.9035921891561192,-0.17649488491139131
-0.8391544987776853,0.34909965045036156,0.4145597924090274,0.10529738404981966
0.0,0.0,0.0,1.0
-0.384056133400697,-0.9167620760713686,-0.09861860242221673,0.303545290447269
0.33734898257426815,-0.23831133242342167,0.9069947173467805,-0.17467973721655733
-0.8603086083050412,0.3150389471347923,0.40300528265321955,0.10519656916461517
0.0,0.0,0.0,1.0
-0.36985362457609083,-0.9186861978699279,-0.12380646525933388,0.30135878165673186
0.32372380669847395,-0.24992523494254032,0.908828863606693,-0.17145641467827472
-0.8739255489329939,0.2976083606037956,0.3930164782156682,0.10244198665196044
0.0,0.0,0.0,1.0
-0.3865569737354738,-0.908834558576119,-0.13751372317037464,0.30061987793942285
0.3149033146736991,-0.269453055450121,0.9069047418081337,-0.16687862848551022
-0.8686005789944606,0.3110863197032418,0.3933278994672783,0.10166313268862917
0.0,0.0,0.0,1.0
-0.40366527416289144,-0.9017526896712221,-0.13566003129557497,0.30014985150496054
0.32124639056324616,-0.28103233820724205,0.9024667096852587,-0.16136843069778914
-0.857047407544899,0.3232153384273312,0.4051042077144524,0.10266111560091491
0.0,0.0,0.0,1.0
-0.40993834144492614,-0.9001879809147705,-0.1334444538964842,0.2959156447770121
0.3318271710265669,-0.28643606978512737,0.898261182503719,-0.15538955294851925
-0.8509978188049179,0.324075795100237,0.41665857010222207,0.1029901959615229
0.0,0.0,0.0,1.0
-0.410907077593716,-0.9007722108051779,-0.1371931026725593,0.28512864714335784
0.3293366738678385,-0.2882881611810457,0.8973656676957781,-0.15152538934943474
-0.8513246559480796,0.3246805561333748,0.414267622036228,0.10118761972782622
0.0,0.0,0.0,1.0
-0.3952586129758384,-0.9053502320523259,-0.15427675539877894,0.26940884255741565
0.3003594821183956,-0.2890177008572694,0.9053932123622801,-0.15147977863301854
-0.8657989658157166,0.31410670198245694,0.3834811718327828,0.09626609930265384
0.0,0.0,0.0,1.0
-0.34874424129303083,-0.9191058234983054,-0.17522005840535193,0.253038086201049
0.2558860593315065,-0.27679259158891584,0.9230052826532196,-0.15425880804043168
-0.8984717854326364,0.2778970600200287,0.3312182679560763,0.09045044640432186
0.0,0.0,0.0,1.0
-0.29769531778550884,-0.9385174423550828,-0.16048119880714518,0.24130722649186653
0.23275054103958104,-0.234773852067916,0.9421830582624156,-0.15759769556739822
-0.9257086850454753,0.24334746661164508,0.2918908258978842,0.08796737624096262
0.0,0.0,0.0,1.0
-0.2720583904745212,-0.9529887338657863,-0.10768505152707634,0.23579022536028987
0.24329302728655128,-0.17653743915454817,0.9519561119564294,-0.1602655409671534
-0.931146274066282,0.23563001592446864,0.2836651796077183,0.08807803924413768
0.0,0.0,0.0,1.0
-0.27268208217150813,-0.9601192890840247,-0.04572963227499175,0.2369413435183072
0.278098982186028,-0.1251699810094945,0.9498881224489354,-0.16120385103725704
-0.9205153326492971,0.2486222755965139,0.3016148625680768,0.08800015660020921
0.0,0.0,0.0,1.0
-0.2935667541954031,-0.9575127266085697,-0.023003540610800108,0.24784204049191244
0.3146360321068099,-0.1203580127441295,0.9377908884723515,-0.15644261647158103
-0.9021056165924637,0.2667231106801528,0.3349362323170862,0.08779636638706789
0.0,0.0,0.0,1.0
-0.3201396473798317,-0.9456369383449492,-0.054225654588096986,0.26406245107884097
0.3418149899362749,-0.16969215736751386,0.9172564667572057,-0.14301023352581405
-0.8821137827640171,0.2740212194410665,0.3774405018295257,0.08851897724907767
0.0,0.0,0.0,1.0
-0.34829866222065026,-0.9263138203864956,-0.12204536749334689,0.27708421821383483
0.3469079330119907,-0.24862629051525237,0.8957031589735673,-0.12483194249640645
-0.8694296422845336,0.26986704415139906,0.41005553965753416,0.0872705201874889
0.0,0.0,0.0,1.0
-0.37797083954964505,-0.9024210527628123,-0.1989561825281945,0.2855096693460744
0.33186479811153646,-0.33280463153567763,0.8762401882249174,-0.1078676415249572
-0.8637304982297047,0.2643523552050816,0.42576425726645073,0.08288482135813738
0.0,0.0,0.0,1.0
-0.4011129456021658,-0.8782585058912267,-0.2626442150393097,0.2908720167199009
0.30398140485608416,-0.39900503065449794,0.8624389398564916,-0.09516208204819442
-0.8630536161881583,0.2659371385552255,0.4245504242653044,0.07821504546424138
0.0,0.0,0.0,1.0
-0.41873621145555395,-0.857322687385824,-0.2999979070551604,0.29290736424471453
0.27270336587940913,-0.43484001258078464,0.857322687385824,-0.08779348689449049
-0.8645280076615218,0.2786182606777755,0.4129126305020805,0.07447444721852325
0.0,0.0,0.0,1.0
-0.4315616903995181,-0.8449043112355039,-0.3086537837839438,0.29077310797965694
0.2507390877514261,-0.4414376207242,0.8607265538827313,-0.08637909866672959
-0.8642095421002782,0.29628169389454884,0.40179834659366853,0.07189153537631543
0.0,0.0,0.0,1.0
-0.44128922350516214,-0.8413604556143236,-0.3004252207765735,0.28425694389074097
0.24105050900303626,-0.4324879933931596,0.8676286190783729,-0.08921339039790653
-0.8609425100366335,0.3113375570401009,0.39668610904173934,0.07160068016725724
0.0,0.0,0.0,1.0
-0.4536241793139893,-0.8437761551521512,-0.27482436579998315,0.2746337967111526
0.24481299739061108,-0.41281026846277713,0.8754276737222779,-0.09485304985144795
-0.8526010038401057,0.32959176431047416,0.39753462862098754,0.07251009940446983
0.0,0.0,0.0,1.0
-0.4588536150785265,-0.8517123859737601,-0.2417664144781248,0.26502306919791174
0.256450791153835,-0.38596758499648487,0.8845750028902145,-0.10213126132458872
-0.8458901433265328,0.34347293658494127,0.39819496187510084,0.07098110448401276
0.0,0.0,0.0,1.0
-0.4454302140006935,-0.8648367523006397,-0.22099949885560521,0.2556585323464802
0.2650097281445877,-0.3618493567410995,0.8924640330727664,-0.10887201735666191
-0.849734372004913,0.3378955853797059,0.3926370089167143,0.06752042425320084
0.0,0.0,0.0,1.0
-0.424806442193457,-0.877254992116883,-0.21302282800245764,0.24871696600063747
0.2638802337549887,-0.34441005688374343,0.9004942543517607,-0.11234834776324812
-0.8615267399270408,0.32530069654521754,0.3782406187975472,0.06573014983961457
0.0,0.0,0.0,1.0
-0.4204736651667037,-0.879984789518813,-0.20920516718067514,0.24679416410739036
0.24967336826720282,-0.3349499681579505,0.9094117551908543,-0.11240934436827077
-0.8700801182824442,0.32988542035755786,0.358120196817641,0.06386726035740771
0.0,0.0,0.0,1.0
-0.43408489979126896,-0.8738524639262216,-0.2122979541704137,0.24994412325260806
0.22542232049729322,-0.334853301088073,0.9163648305339268,-0.11115991019427374
-0.8708928381954486,0.3504483920189495,0.33969005338871266,0.061958243851284095
0.0,0.0,0.0,1.0
-0.4543020579173406,-0.863092581579374,-0.22246804799150477,0.25521686819540207
0.20234093448036788,-0.3429649789557576,0.9194117551908543,-0.11043116643561118
-0.8660078886939467,0.3736694944919945,0.32875276024298716,0.06228974611471341
0.0,0.0,0.0,1.0
-0.46397288590612773,-0.8547633255494262,-0.2329136270638853,0.2573029617801893
0.18673042765793962,-0.3523253822547395,0.9204929160455146,-0.11050160003328818
-0.8641777573527727,0.3839272289836813,0.32192546010480544,0.06165550321584689
0.0,0.0,0.0,1.0
-0.4616058616476802,-0.853682164694766,-0.23757627062469555,0.25530364574648645
0.17754132015221827,-0.3539411011586222,0.9224197144565661,-0.11113078170758511
-0.8677159180045273,0.3816515185701267,0.31390213576740655,0.06087378905933137
0.0,0.0,0.0,1.0
-0.45457098797147605,-0.8570430508817193,-0.24242139450725342,0.2529538135657642
0.16838294278987115,-0.35183716461684605,0.9240350916160074,-0.11219025700639412
-0.8730066209594658,0.37520087478432984,0.3018811414886051,0.06051286548269379
0.0,0.0,0.0,1.0
-0.4461461977675323,-0.8594171084158388,-0.2533515180432303,0.2539376533447715
0.15516726261809877,-0.35398274316233025,0.9230052826532196,-0.11343653801579734
-0.8799086861551071,0.36969139169495885,0.28821418727502623,0.058290236797362324
0.0,0.0,0.0,1.0
-0.44229795417041373,-0.8600013383062461,-0.2585438738776038,0.25548525695514557
0.14279200311180973,-0.3527672881528229,0.9235465322336728,-0.11506404519445865
-0.8858209043409813,0.3717137242800064,0.2773186724670854,0.055548097003761655
0.0,0.0,0.0,1.0
-0.4455149726484323,-0.8606312251191,-0.25029373956829537,0.25655738618971285
0.1406504505190255,-0.34397858087555355,0.9270846928854273,-0.1172072986936824
-0.8863178353052341,0.3789658343740324,0.2748129973906111,0.05429736873879508
0.0,0.0,0.0,1.0
-0.45094117173038734,-0.8636365077723196,-0.23199909226638357,0.25745603660768096
0.14987803430348312,-0.3296720299609566,0.9300026766124924,-0.11881880929673537
-0.8823727192278734,0.38394645438360686,0.280183965996032,0.053978252051629205
0.0,0.0,0.0,1.0
-0.451248578063259,-0.8705855681966536,-0.2022770487198008,0.2577886443587507
0.1687567751617256,-0.3052850079855126,0.9330039443469733,-0.12100690465758779
-0.8775789472371879,0.3853766635748468,0.2875843004621724,0.05421678498362557
0.0,0.0,0.0,1.0
-0.4474876333922949,-0.8794157701095926,-0.16422475258146527,0.25804881849348354
0.19187980318235898,-0.2742234142752191,0.9375332903147413,-0.12531161985543326
-0.873050939575666,0.3874862950860488,0.29542499710978554,0.05484089923131587
0.0,0.0,0.0,1.0
-0.4430012677344811,-0.886409149150127,-0.13208333632275776,0.25866969294145936
0.21331121434576844,-0.2490310584408456,0.9418341462599125,-0.12994191669665034
-0.8705869065028997,0.38882752530044684,0.3045266693552757,0.055121677987779734
0.0,0.0,0.0,1.0
-0.43995701969004586,-0.8899516664650613,-0.11562818850574302,0.25993460659091117
0.22868787792061518,-0.23741801614945524,0.9439424394648683,-0.13407853708383266
-0.8700456569224465,0.3863648305339267,0.31178848933746606,0.055268631385162977
0.0,0.0,0.0,1.0
-0.43650180130126603,-0.8929112921958344,-0.11145846099044723,0.26218150288775877
0.238686539614369,-0.23544521907151594,0.9423727192278734,-0.1376445979986603
-0.8700013383062462,0.37999866169375385,0.3163648305339267,0.05528702237183711
0.0,0.0,0.0,1.0
-0.43063390173159233,-0.896359477308942,-0.11446374364366677,0.2648125435004116
0.24325886589209123,-0.23742203106819368,0.9399516664650611,-0.139497986805394
-0.87,0.37358951254362693,0.31703769765673473,0.05459003251516073
0.0,0.0,0.0,1.0
-0.4272286969284387,-0.8957295904960882,-0.12621375670239654,0.2660040202015019
0.2410619354547347,-0.24917204412692343,0.9369463838118417,-0.13880414994146062
-0.87,0.3705855681966535,0.31655047658064606,0.05355817744737157
0.0,0.0,0.0,1.0
-0.43126378854444614,-0.8886918928393537,-0.15212230171397345,0.26511578422817805
0.23267998922666844,-0.27611173640753445,0.9317911659499585,-0.13508216092315337
-0.87,0.3694641036445314,0.32058422989040736,0.05261535605538259
0.0,0.0,0.0,1.0
-0.44008997553864676,-0.8764078108438809,-0.1939991445817253,0.26301392921540856
0.21586656126342768,-0.3158789477640842,0.9240337533097613,-0.12864920239742492
-0.8700013383062462,0.36708469288542733,0.32645346776632733,0.051307899397024
0.0,0.0,0.0,1.0
-0.4498643675389068,-0.8606325634253462,-0.23939218804648743,0.2612722628064076
0.19413343873657238,-0.357466727941682,0.9135921891561192,-0.12085900987723941
-0.8700456569224465,0.3640851052016336,0.32932445626469975,0.04936155048001861
0.0,0.0,0.0,1.0
-0.4581963001813469,-0.847273015544639,-0.26747094827078505,0.26062777218328176
0.17732001077333154,-0.38294026399677095,0.906641790425539,-0.11444391451005786
-0.8705842298904074,0.36542499710978554,0.32936877488090005,0.047678261308823564
0.0,0.0,0.0,1.0
-0.4603529269212415,-0.8418036998186531,-0.27728859324915256,0.2609466541844093
0.16893538793277302,-0.39186627275185937,0.9052062280093145,-0.11064087703409016
-0.872959625730773,0.36802452630956844,0.32703903596298084,0.04617485621562476
0.0,0.0,0.0,1.0
-0.45542365880353936,-0.8425137049139512,-0.2841199193400342,0.26118819296481643
0.16664714365052358,-0.39662960933524705,0.9048877624480709,-0.10762750672611174
-0.8764091491501271,0.3648407672193782,0.32359085084987305,0.04438161827349771
0.0,0.0,0.0,1.0
-0.4517097093612679,-0.8439934496122994,-0.28679983949041477,0.2609148976413055
0.1700523484536772,-0.39788367695756727,0.9045306842740142,-0.10542321604002323
-0.8764078108438809,0.3610798225484141,0.3235948657686115,0.04325999042839
0.0,0.0,0.0,1.0
-0.4530992731106047,-0.8424640330727663,-0.2878046132792543,0.26053178739018945
0.17417340068959297,-0.4003612985031597,0.9024626947665202,-0.10454807670195873
-0.8729126305020805,0.3600913138448929,0.3271786833428125,0.04288808357515171
0.0,0.0,0.0,1.0
-0.4571357030328584,-0.8410784842421679,-0.28715811963664084,0.2596654983424378
0.17718304000599217,-0.4023670242584476,0.9004955926580067,-0.1045515666626882
-0.8699516664650613,0.3600953287636314,0.3312194699282458,0.042784330269998595
0.0,0.0,0.0,1.0
-0.4612194699282458,-0.8424170378440736,-0.277937227383414,0.258788528197054
0.18713604477729956,-0.3970000705717651,0.8994574121133007,-0.10579195724187668
-0.8664078108438809,0.36121813162199956,0.3396040927688043,0.043220396159424815
0.0,0.0,0.0,1.0
-0.46964573477251237,-0.8433595478807072,-0.2620654492290784,0.259027953481488
0.20349518034180042,-0.390232641275412,0.8969490604243341,-0.1085944375545749
-0.8593687748809001,0.3666391138130467,0.35466765504135356,0.044591747207574625
0.0,0.0,0.0,1.0
-0.4851122375519292,-0.8388302019129391,-0.2529251643707753,0.25909816677534253
0.21582759587221195,-0.3924295717127685,0.8923753958403657,-0.1119619847369412
-0.8499543430775536,0.3774889716985411,0.3695057456482394,0.04641340392201148
0.0,0.0,0.0,1.0
-0.5006186912504053,-0.8305842298904074,-0.2531006114168509,0.25924006295336477
0.22294891928080388,-0.4030066209594657,0.8870417125754732,-0.1146912502667619
-0.8400483335349388,0.38766174213212445,0.38344585024505673,0.04805826341210849
0.0,0.0,0.0,1.0
-0.5097203634958954,-0.8241750807402803,-0.2559672432520436,0.2607635231587824
0.23080052778875074,-0.41519503244686584,0.8806768820415465,-0.11645880829982425
-0.8307252155764852,0.3904415641536422,0.39908948012123674,0.049975440998572394
0.0,0.0,0.0,1.0
-0.5093217796522075,-0.823052277881912,-0.25520355139682216,0.2588994587687376
0.23827240354505275,-0.4197646821120957,0.8771843783122384,-0.11748357176378899
-0.824853301088073,0.3870460692386528,0.4092122369691939,0.054139919897190726
0.0,0.0,0.0,1.0
-0.5060078886939468,-0.8240364299222536,-0.25547634900165783,0.25142115484213623
0.2316900058828245,-0.4152866880362,0.8806768820415465,-0.11850749901705843
-0.8271830400059921,0.3891044851920592,0.40011894733958336,0.060402912930764115
0.0,0.0,0.0,1.0
-0.50575015420226,-0.8224170378440736,-0.26402973839102284,0.24459000674194303
0.2062293344069101,-0.41053723466171477,0.8870417125754732,-0.12030167250414403
-0.8364521294600811,0.396781301471294,0.3749350994212046,0.06537252743682585
0.0,0.0,0.0,1.0
-0.5081226680197688,-0.8204029405068676,-0.2697646821120957,0.24085703562880922
0.18405198214788193,-0.4070833545791811,0.8923767341466119,-0.12184878942166533
-0.8426799892266684,0.4029177783167004,0.356605990759295,0.06800304068331552
0.0,0.0,0.0,1.0
-0.5145458947552013,-0.8182876140262398,-0.26644127564207376,0.2393320740827296
0.17449467919740558,-0.4029556108120347,0.8969947173467805,-0.12244540502200713
-0.8404790438705735,0.4120362047599885,0.3519836508959467,0.06981683745782569
0.0,0.0,0.0,1.0
-0.528113641620487,-0.8109921818778183,-0.25769154478998174,0.24088181729547198
0.17369688606347355,-0.39976100893779853,0.9000469952286927,-0.12232286496933414
-0.8303099466112873,0.4276650441911728,0.3554303503347701,0.07191990338834153
0.0,0.0,0.0,1.0
-0.5517860181353385,-0.7992481474906293,-0.23925957394232775,0.24349229457610316
0.17781124676815857,-0.3937419246814032,0.9036378460785657,-0.12342331265896933
-0.8126493373750445,0.4530054880635841,0.3603059316925489,0.07554210488041607
0.0,0.0,0.0,1.0
-0.5704098048850219,-0.7948241929530597,-0.20850357018014193,0.2423613995060654
0.1848089824718726,-0.3731063428991235,0.9112167933157536,-0.12717147388951205
-0.7971995887934255,0.47763850181346046,0.3575637367560007,0.08036567321604768
0.0,0.0,0.0,1.0
-0.5650843568679706,-0.8070114024682904,-0.16399478791854558,0.23354812550501824
0.19954505278389642,-0.329001839450641,0.9230522778819122,-0.13245807181117242
-0.7975996472774363,0.48576123890951717,0.3462184916228642,0.08446812006446787
0.0,0.0,0.0,1.0
-0.5335219536087628,-0.8351659243118525,-0.11652116303526824,0.22131617548453608
0.22003199015787014,-0.27215810138021745,0.9369947173467805,-0.137481575389503
-0.8159341201982919,0.47051667095554306,0.32918347057862185,0.0865463529390692
0.0,0.0,0.0,1.0
-0.49579079964416306,-0.8641138715922057,-0.08425383523759329,0.21635941269761497
0.22992491867698425,-0.22308136053804015,0.9493660982684078,-0.14117777938758466
-0.8389241923703243,0.44753229375293646,0.30770606074832474,0.08593882539816054
0.0,0.0,0.0,1.0
-0.4673643293895319,-0.8826343323042221,-0.07558668283611167,0.21740602751536298
0.21527818012020522,-0.1937968551923995,0.959276122729761,-0.1429340977773063
-0.8592774610360072,0.4306285485066077,0.2792883148540145,0.08382008079500303
0.0,0.0,0.0,1.0
-0.4478246298306201,-0.892225042010565,-0.08747022826905577,0.21933338753721426
0.1851087007117087,-0.1877042078507139,0.9657752474185348,-0.14399507721062316
-0.8762641485453109,0.4160195917057208,0.24987971435417053,0.08180699592405885
0.0,0.0,0.0,1.0
-0.4315833870015713,-0.8991378136561754,-0.10107927539360825,0.21934539711330975
0.1698356011483348,-0.1923457405505466,0.9663608156151882,-0.14544995208529463
-0.8880593294140076,0.39848545219721276,0.23652404505812513,0.0807743546804632
0.0,0.0,0.0,1.0
-0.4236077413817475,-0.9011045740202477,-0.1133924980875354,0.2179204832204736
0.16787764024370014,-0.20056850481785563,0.9629099538895882,-0.1468148423679589
-0.8921884114874001,0.3866076708099825,0.23618883633304516,0.08107413620872414
0.0,0.0,0.0,1.0
-0.4343415013870742,-0.8909411717303872,-0.13601620223353847,0.2158849055443522
0.15427379897609406,-0.2194754355410567,0.9599060095426147,-0.14655518042523757
-0.8870846928854272,0.3948330791263426,0.23449974872027532,0.08165870960078782
0.0,0.0,0.0,1.0
-0.4498043603630015,-0.8756536234664591,-0.17262177295664197,0.21504260260452343
0.1301881172488471,-0.25450425275149324,0.9558195660347351,-0.1440458169953202
-0.881354105827534,0.40858489043475577,0.23108497036303408,0.07936952968187347
0.0,0.0,0.0,1.0
-0.43952063986387047,-0.870461131298009,-0.2176148832375085,0.22145612746061666
0.11689534818552547,-0.2963162915886233,0.9462735166890338,-0.1383402348334038
-0.8877216129739531,0.3922489626254777,0.23288902296008995,0.07123796319162536
0.0,0.0,0.0,1.0
-0.40476085434729847,-0.8744378267125104,-0.2633097397054456,0.23805857493654176
0.1268759063412738,-0.3359164385149771,0.9318341462599125,-0.13016672320022196
-0.902371039177186,0.34358971795399146,0.24584328443191694,0.058759911769667904
0.0,0.0,0.0,1.0
-0.3748994360890373,-0.8779385656896601,-0.294276277320261,0.2565179410136936
0.16000923180964638,-0.36894828902479426,0.9152062280093145,-0.12308688427576978
-0.9097700353370803,0.29607057248234436,0.27744866800107926,0.047682460959039163
0.0,0.0,0.0,1.0
-0.368725986976025,-0.8748340756881474,-0.31411843366574993,0.2665696708306511
0.1848141667993394,-0.39712069796203586,0.8996913916949589,-0.11836890676997905
-0.9082892940769274,0.2759949876019255,0.3080519543938943,0.041800248879908936
0.0,0.0,0.0,1.0
-0.3687992083168739,-0.8709388368623363,-0.327741011220802,0.2712969439673917
0.1871237163189694,-0.41419983221211387,0.8917123859737603,-0.11767664513730033
-0.9080235297477637,0.2699287027064729,0.3180620060264998,0.04038050111318772
0.0,0.0,0.0,1.0
-0.36944202878519017,-0.8681949618751008,-0.3345736645839683,0.2744748420253298
0.18478742220389607,-0.42166405243882144,0.8889215157578321,-0.11905437884226368
-0.9082876140262399,0.26782497157506135,0.3204919194837096,0.040414939937350985
0.0,0.0,0.0,1.0
-0.38382215381903895,-0.8592301240628732,-0.34008897897684187,0.2760247659398752
0.1874819384228691,-0.433722810136669,0.8834092197218921,-0.11900708925746353
-0.9033595478807073,0.27539455066852614,0.3300859606199083,0.039634150065667645
0.0,0.0,0.0,1.0
-0.41057987322722767,-0.8400000000000001,-0.35286965019212624,0.27711592818728276
0.1829096121451469,-0.4569034035018875,0.8730496012694198,-0.11752788794243746
-0.8929596257307731,0.29260100384010573,0.34048855938233474,0.037973920257814466
0.0,0.0,0.0,1.0
-0.432685342451653,-0.820772552549619,-0.36577089075535507,0.27759325814395114
0.17242540942599188,-0.47751506147662076,0.8647176686269797,-0.1151962457845293
-0.8836351694660733,0.31143676438839407,0.3452437077262458,0.036593146378631536
0.0,0.0,0.0,1.0
-0.44653526609945904,-0.8118936753573,-0.3662735166890338,0.2781741444625506
0.16815916220885674,-0.4825886753817755,0.8631435917268051,-0.1126101440903174
-0.878211510662534,0.32608800697639106,0.349317764733469,0.03567814722080956
0.0,0.0,0.0,1.0
-0.4560480560573319,-0.8101383090735856,-0.3618828215392925,0.2805579117854884
0.16586923787591995,-0.4782449754607269,0.8646676550413537,-0.1103224760707365
-0.8754733306447242,0.33605207097607037,0.3503515886149954,0.034591119768399514
0.0,0.0,0.0,1.0
-0.4603074063328717,-0.8099127010738456,-0.3622439256660491,0.28435353554553877
0.15874022637429236,-0.4746636401226151,0.8659662466902387,-0.10892693527188935
-0.8745763411964607,0.34089163622327906,0.3442538607164785,0.03386071682655331
0.0,0.0,0.0,1.0
-0.46560381529119754,-0.8088302019129392,-0.36256203844889,0.2861222755467574
0.1469477221180879,-0.470723877270239,0.8699530047713073,-0.10800897658533008
-0.8724680479915048,0.3486090979444171,0.33565214882613625,0.03426161899759303
0.0,0.0,0.0,1.0
