-0.5702099370775925,-0.17598257376728907,0.7958466268957343,0.2044639885629776
0.8180337000768884,-0.12957051711541998,0.5544320130465653,-0.08551854941804436
0.010149162891592903,0.9748533010880729,0.22239038461116994,0.124009105203822
0.0,0.0,0.0,1.0
-0.580733303994732,-0.1181317706373777,0.7953157486244049,0.19658599332224325
0.8082283791264854,-0.10344852685754904,0.5707802992234245,-0.08360573082559099
0.014055986032658827,0.9830536161881583,0.16104707775195043,0.13225330116805542
0.0,0.0,0.0,1.0
-0.5490975955533482,-0.04437106212172017,0.8253813840503909,0.18693348327890708
0.829555126484425,-0.07911334588645676,0.5455080830097214,-0.08230578140402539
0.037307829683039584,0.9934052048031536,0.08441404243167434,0.1406672066481947
0.0,0.0,0.0,1.0
-0.5085918798946965,-0.007971292149277758,0.8558063376431962,0.1797305720572187
0.8564832196847427,-0.0753905357497877,0.5079606547755966,-0.08360488343245034
0.059984447774371674,0.9987832066842466,0.0455502393864656,0.1447888003182563
0.0,0.0,0.0,1.0
-0.49377746408758977,-0.006114920469352157,0.8658659358168715,0.17390995471129617
0.8659142693518104,-0.08116495231140171,0.49373046885889715,-0.08663786377716585
0.06743613413238443,0.9999073478488609,0.04149693726918351,0.14576215747778282
0.0,0.0,0.0,1.0
-0.5141983465378297,-0.0024481391026967255,0.8539912621122866,0.16989201930686496
0.8539939387247789,-0.07577356736784732,0.5141983465378297,-0.0888951664756476
0.06510420771445236,0.9999959850812615,0.036481892412458014,0.14798679645121754
0.0,0.0,0.0,1.0
-0.5229227590523018,0.02264511704594141,0.8474201742786607,0.16793742612734947
0.8474644928948609,-0.05807621994588199,0.5229684159747483,-0.08989940338806718
0.06255702696834665,0.9999543430775536,0.007354882954058589,0.15157514009270082
0.0,0.0,0.0,1.0
-0.4762411992316461,0.052069338847701686,0.8718537244382409,0.16477285825291532
0.872394974018694,-0.04798068577188602,0.4768254291220534,-0.09058002141380517
0.06753195200849524,0.9994144318033465,-0.026105768769955275,0.15429667386145934
0.0,0.0,0.0,1.0
-0.40941080222645204,0.07313138856858997,0.902849877637395,0.16199096153572837
0.9053152490164074,-0.04663328250954419,0.4123717662634713,-0.09164061302399686
0.07223273010360048,0.9969947173467806,-0.04860204260082195,0.156140277869423
0.0,0.0,0.0,1.0
-0.36214025606544153,0.10146354868931777,0.9208858629621031,0.16239065505306768
0.9254595275460713,-0.035552110620922416,0.36859372383176886,-0.09473906913914418
0.06815198156514657,0.9930066209594657,-0.08012365678116586,0.15613360805027476
0.0,0.0,0.0,1.0
-0.359304349050083,0.11687714482629005,0.9223468022967172,0.1639991642897402
0.9277274807903024,-0.018528490549493293,0.3662534094744171,-0.09925208119987089
0.057443314776094614,0.9906312251191001,-0.10180521097182271,0.15444558037349299
0.0,0.0,0.0,1.0
-0.3820707444117366,0.11416106119730127,0.9137638266938211,0.16636066531783714
0.9207572057343554,-0.0032752092691598293,0.3874500845990756,-0.10246418444259431
0.04556062957087876,0.9906312251191001,-0.10564080589564945,0.15326997612195598
0.0,0.0,0.0,1.0
-0.4160589568837042,0.10586959065432275,0.8996400398030866,0.16878041944580127
0.9066347571498671,0.007561060143508474,0.42063262146767255,-0.1049454002279627
0.036380041015113745,0.9930052826532194,-0.1001221130645551,0.1527505230065484
0.0,0.0,0.0,1.0
-0.44946849682055784,0.0925031347980587,0.8860271140938722,0.16909471648066132
0.8914521112036579,0.009716348577156947,0.4519338681995703,-0.10755655953293312
0.03215943968646357,0.9969503987305801,-0.08698548553713412,0.1516777016918266
0.0,0.0,0.0,1.0
-0.4554437699100783,0.08818112226360099,0.8844507023256466,0.16823012212875485
0.889564278183822,0.002238425073026314,0.4559850194905315,-0.10919832333929215
0.03574747758976764,0.9988745205291395,-0.0805981601076747,0.1498133992690976
0.0,0.0,0.0,1.0
-0.4305788766654228,0.09060743764563015,0.8975373052334799,0.16979484242768228
0.9024223910690583,-0.0074916483110333675,0.4306231952816231,-0.10937159567924971
0.04188114148860511,0.9975346286209876,-0.08056311902942982,0.14766946484902763
0.0,0.0,0.0,1.0
-0.40736817860338614,0.08219947071577213,0.9105297122735634,0.1706787294441448
0.9150603965475774,-0.016629256556844205,0.4073695169096323,-0.11022780166983773
0.04636349222768053,0.9960092270001929,-0.06923984498499909,0.14612144630824764
0.0,0.0,0.0,1.0
-0.41421171126344514,0.06466530913934097,0.9098640257944656,0.16593723020593565
0.9123280588672319,-0.022502862129905387,0.41421171126344514,-0.1130315565535817
0.04689805027690298,0.9975802855434339,-0.0477175870212531,0.14519032654208042
0.0,0.0,0.0,1.0
-0.43289912944238834,0.05977855428703664,0.9013957478312422,0.16375287326716764
0.9019369974116953,-0.020171773871778466,0.43289912944238834,-0.11362953605339529
0.04470245814579264,0.999460088725793,-0.040951028986589796,0.14376415717336583
0.0,0.0,0.0,1.0
-0.4199565090480868,0.05465393023445082,0.9053975690254598,0.16926693759691808
0.9054418876416601,-0.017443314776094614,0.4199565090480868,-0.11049108607517735
0.040394568924949525,0.9999556813837998,-0.03775052673256325,0.14103786721469352
0.0,0.0,0.0,1.0
-0.36983446825245325,0.042519252515338876,0.9254662973690524,0.17846496270286155
0.9254676356752984,-0.013532807426769971,0.36983446825245325,-0.10669874171217628
0.02936743657465389,0.9999986616937538,-0.030102214671265164,0.13697567202948446
0.0,0.0,0.0,1.0
-0.3307368781834902,0.03563173248800281,0.9407985059936221,0.1845366112496649
0.9407985059936221,-0.005831952535391625,0.3307368781834902,-0.10601712436021891
0.01591523654280766,1.0,-0.02809710386701527,0.13122723305675865
0.0,0.0,0.0,1.0
-0.325415780226023,0.023184950028398203,0.9429917522227198,0.18045886597036787
0.9429917522227198,0.0005842298904073567,0.325415780226023,-0.11004631276117294
0.004487703964060004,1.0,-0.020719578649385735,0.12289038909292224
0.0,0.0,0.0,1.0
-0.3194829182237277,0.0035311163421210216,0.9442943698243049,0.17831097087747955
0.9442943698243049,0.008835896882364988,0.3194842565299738,-0.11147595127958874
-0.009065725211208039,1.0,-0.00595083079868703,0.11249286747023407
0.0,0.0,0.0,1.0
-0.3258174000642018,-0.019710778907846213,0.9411555841676786,0.18544851040691374
0.9411555841676786,0.019908344410665822,0.32586171868040215,-0.10549280377614391
-0.02568506646952335,1.0,0.012716061561065726,0.10203217757422785
0.0,0.0,0.0,1.0
-0.36339617840387184,-0.042006000241940455,0.9265501348362049,0.19068209516314494
0.9265501348362049,0.023637504334124364,0.36393475137183273,-0.09812161685046963
-0.03771711997669672,0.9999986616937538,0.03200466193569432,0.09343679768908056
0.0,0.0,0.0,1.0
-0.4020659931912506,-0.04422491439442716,0.9101082043767674,0.19297265922838874
0.9101068660705214,0.02499596682483817,0.40444138903161625,-0.09442032836892189
-0.04291678175489554,0.9999543430775536,0.031173974818761187,0.08808395158819024
0.0,0.0,0.0,1.0
-0.4000673117455962,-0.03488649321811257,0.9099213563578785,0.19751672732495512
0.9098770377416783,0.042565545918302986,0.403515496858704,-0.09323562314724768
-0.05740483849735835,0.9994157701095927,0.016721977784271223,0.08588707922555538
0.0,0.0,0.0,1.0
-0.36428795096122757,-0.01455739949864996,0.9261514146584402,0.20169191810717807
0.9256115033842331,0.07631917361148022,0.3642422940387811,-0.09377523609660393
-0.0788235103817084,0.9970403742692269,-0.010866259304889408,0.0856263411208936
0.0,0.0,0.0,1.0
-0.3410987459093788,0.005318278407302458,0.938508717994762,0.2027271481654422
0.9360890035381959,0.10567105796050577,0.33706499259961753,-0.09581055861149945
-0.09630931635527773,0.9935895125436269,-0.039215060949724365,0.08628929978850909
0.0,0.0,0.0,1.0
-0.34209435195372706,0.012285420301718922,0.939555622899789,0.20045096541946916
0.9355648498999818,0.11298592091921736,0.33675933038258826,-0.09921635659744132
-0.10070183892374457,0.9935451939274265,-0.0504817204830658,0.08763364912265248
0.0,0.0,0.0,1.0
-0.34367035471972274,0.017538985284167235,0.9380706613105328,0.19784401867277762
0.9356066282377665,0.10425286415467362,0.3367212942953888,-0.1024554966951946
-0.09080166068463229,0.9964548060725735,-0.053856820589401305,0.0893824984582786
0.0,0.0,0.0,1.0
-0.31733658503965,0.029090760385156428,0.9462860505577284,0.19829278121297494
0.9452062280093144,0.09932628368342533,0.3108387986571224,-0.10254542503486849
-0.08282983560714387,0.9964118257626193,-0.05908808377266413,0.09045890074166316
0.0,0.0,0.0,1.0
-0.2822593305236393,0.039469662279880594,0.9583775895648865,0.19770933194734852
0.9559135564921202,0.09999732338750772,0.27875845521241305,-0.1004982132096644
-0.08304558635068138,0.9930052826532194,-0.06306051312975361,0.0894740264914852
0.0,0.0,0.0,1.0
-0.2603522069195122,0.04648672715415563,0.9662198299291105,0.19621971290609092
0.9622290569293033,0.10057704924669719,0.25734826257253884,-0.09740662430180533
-0.0851507138306655,0.9911697980870608,-0.06711795227325561,0.08535086254868496
0.0,0.0,0.0,1.0
-0.25134179047658856,0.05085690219512792,0.9684125980796903,0.19674550107297326
0.9659928836231242,0.0943866802310028,0.2473066988605811,-0.09217396597636242
-0.0791817905279345,0.9930509395756659,-0.07090389742382054,0.07863277733538776
0.0,0.0,0.0,1.0
-0.2636117308216007,0.049092087657441046,0.9622175196224134,0.19697830066694327
0.9616776083482064,0.07843027976300504,0.26118933975254244,-0.08260491087179908
-0.06237405753411955,0.9969960556530266,-0.06909342596368719,0.07222846371334447
0.0,0.0,0.0,1.0
-0.3208241771096447,0.05278538065686691,0.9383787915370561,0.1859892014622117
0.9383344729208558,0.06529922190489477,0.3202399472192373,-0.06736973826178988
-0.04476064893693388,0.9994144318033465,-0.0727853806568669,0.06477351101167766
0.0,0.0,0.0,1.0
-0.4126833897328123,0.055595090930876584,0.9017085073890985,0.1320704044467917
0.9017071690828523,0.06067286712280798,0.41209915984240497,-0.049418531430309165
-0.03430669828263516,0.9999543430775536,-0.07559241431838429,0.04565417034902518
0.0,0.0,0.0,1.0
-0.47262677735262937,0.05286663183519273,0.8787239938524152,0.04218225109275993
0.8787253321586614,0.05879257482796956,0.47020572458981724,-0.032313718385785825
-0.030457965573037156,0.9999986616937538,-0.0727779946027921,0.015256877303526758
0.0,0.0,0.0,1.0
-0.48689429881085555,0.04381800256622378,0.8746217927085425,-0.012431198538203937
0.8746661113247427,0.052951254148854904,0.4829048641172946,-0.018801453615038072
-0.027297767016472484,1.0,-0.06273416509907125,-0.0058542470151928695
0.0,0.0,0.0,1.0
-0.49172457420609145,0.03839145070586597,0.8720676477630529,-0.02451869680497292
0.872608897343506,0.04157407690017467,0.4893048597495254,-0.00827954550556675
-0.01713323183073062,1.0,-0.05341505102539457,-0.014695327318019076
0.0,0.0,0.0,1.0
-0.5077627768991432,0.044140141301764635,0.8613415719588393,-0.02445030831881046
0.8638069433378519,0.03385527687279055,0.5072228656249361,-0.00046243585521951394
-0.004656937557422831,0.9999986616937538,-0.05440456732468217,-0.01941378281648362
0.0,0.0,0.0,1.0
-0.5174467825400273,0.04842338282140969,0.8539414429030635,-0.022054971822082464
0.8585151074870319,0.030222795053171058,0.5174024639238269,0.004632799812187801
0.0017899639777888467,0.9999556813837998,-0.054566767642373004,-0.02330669689818745
0.0,0.0,0.0,1.0
-0.5219799777216495,0.05759823067943978,0.8491898203654115,-0.017662467725962423
0.8545691605527506,0.020264426022917535,0.5219799777216495,0.00839099755707463
0.014230311216814468,0.9994587504195468,-0.055487260861991614,-0.02835191647537165
0.0,0.0,0.0,1.0
-0.5408308013830867,0.07172622558525996,0.8338398720152005,-0.010960575790581059
0.8407875941332883,0.010942851781074708,0.5408764583055332,0.016173864221131082
0.030481662440739396,0.9975359669272337,-0.06276039121122759,-0.04010353691082574
0.0,0.0,0.0,1.0
-0.5749942542107096,0.07808243339859482,0.8093952389668623,-0.00128750342993348
0.815803049810743,0.0028922141639469738,0.5755798224073632,0.038840709662103096
0.04316253342461571,0.9954679774197397,-0.06452519471495292,-0.06939215801333957
0.0,0.0,0.0,1.0
-0.5971839693100084,0.07724723494755936,0.795866833931581,0.02279440831488319
0.7982435680781927,-0.011610307636571691,0.6001879136569819,0.06438092951222867
0.05725005892808985,0.9950719338544673,-0.0557698831595886,-0.09509261511922919
0.0,0.0,0.0,1.0
-0.6004695956166011,0.08375232195037227,0.7946745630169104,0.07671003293783901
0.7922964905640525,-0.03429103125240981,0.6074240092659196,0.06241974440747413
0.08080374441400964,0.9943854782588333,-0.04753449228691088,-0.0703123716096167
0.0,0.0,0.0,1.0
-0.6129779346791432,0.09140502536919758,0.7846065711933939,0.13855787152878274
0.7781517651208205,-0.06809922229074017,0.6219854110568837,0.05336045483504946
0.11113221673040037,0.9925165869368081,-0.030477647522000953,-0.022443093057890634
0.0,0.0,0.0,1.0
-0.624367522088866,0.09432653991365449,0.773825896069624,0.17116151551778205
0.7662496254449285,-0.09909921207732404,0.6335205462262286,0.0567497950349595
0.13606670675014332,0.9892315987031961,-0.009705321912226148,0.0029819729115139943
0.0,0.0,0.0,1.0
-0.6365209484094414,0.10602493000482155,0.7582878977283547,0.18173928865659073
0.7494076822297894,-0.11804860089611524,0.6497436618568858,0.06335904603009104
0.15991768659454347,0.9843562337897435,-0.0009802734556796796,0.010325563227811143
0.0,0.0,0.0,1.0
-0.6423024256381905,0.1251845718120303,0.7482349453576009,0.1877801209188142
0.7347880985507393,-0.14217074083804693,0.6612654470656539,0.06613063963414956
0.19351135663985042,0.9780760145355174,0.003934887705909401,0.013218752522681641
0.0,0.0,0.0,1.0
-0.6418977483183648,0.09780719928597897,0.7543010033132094,0.1905734284915454
0.7408957985100557,-0.1392495223097222,0.6556116977606363,0.0666704336024297
0.17339813896404044,0.98166806735756,0.019916921402948567,0.014207253465192853
0.0,0.0,0.0,1.0
-0.6444271202625413,0.05141456369049424,0.7604469173786268,0.1898484311406054
0.7520582796193297,-0.11100455734451341,0.6490118330409201,0.06746772329327941
0.11997195696463618,0.9899889518055897,0.03287779483420018,0.014409762918181595
0.0,0.0,0.0,1.0
-0.646140708208471,0.04215178287681333,0.7605867591348615,0.18763431045862772
0.7547546592314317,-0.09162988581490002,0.6469921881023264,0.06937076085423058
0.09929219535125415,0.9916138914851571,0.026465923343271833,0.014595194398416923
0.0,0.0,0.0,1.0
-0.6436363604042814,0.057448506188117324,0.7606161620059512,0.18465974877372415
0.7540200285028587,-0.08916984559294905,0.6453514229905338,0.06983793382152123
0.10946575821633359,0.9888275253004468,0.012897692689046683,0.014144909096478944
0.0,0.0,0.0,1.0
-0.6430358764625171,0.08919261124405725,0.7562000899378203,0.18335615253007229
0.7438220174849621,-0.11679487891015855,0.6508846029476072,0.06788568473907733
0.1508658954925251,0.9822412490535568,0.00826273725429115,0.01431528496635581
0.0,0.0,0.0,1.0
-0.6376664515737069,0.132269753809937,0.7548475950846856,0.18580981066556507
0.7373669949680627,-0.147620225966975,0.65272867554001,0.06560053518660104
0.19986254065862463,0.9755246825365966,-0.001901774271064723,0.016396654344734172
0.0,0.0,0.0,1.0
-0.6311478850406815,0.1366017959090772,0.7617660837676452,0.18923281826013538
0.7464767191189527,-0.14434543801406247,0.6464815683055741,0.06546369366532628
0.19741725047690017,0.9776715993883269,-0.00854930539433863,0.020268619715599106
0.0,0.0,0.0,1.0
-0.6258542438390591,0.13069001007341197,0.7680355054276911,0.19127636849507842
0.7551242132318567,-0.13297300490131223,0.6417265000719126,0.06565152337327171
0.18254269435244516,0.9811211228076808,-0.014873922836571019,0.023496486529875522
0.0,0.0,0.0,1.0
-0.5980156545812093,0.14279401441142026,0.7861119418178991,0.19259193365581934
0.7750848094676034,-0.12670558739883775,0.6160361659720393,0.062431004468536916
0.183375295021182,0.9813482634900701,-0.03411851195750013,0.023456761227047464
0.0,0.0,0.0,1.0
-0.555966394058277,0.14291447625765202,0.8147481150682392,0.19445953524857165
0.8099060095426149,-0.09383000372503639,0.5702229313872478,0.05835205815026627
0.1567019887852137,0.9851122375519292,-0.06009786904204701,0.0220604205287124
0.0,0.0,0.0,1.0
-0.5186411989574786,0.12888021549856532,0.84177561372433,0.18574650066407167
0.843655416906689,-0.04974950419434981,0.5267157388526732,0.05579165499265423
0.1126634730026764,0.9889188391453398,-0.0786420155878041,0.013967416500529612
0.0,0.0,0.0,1.0
-0.507863720521951,0.11811667101138204,0.8509733092562957,0.13717314021935406
0.8578780510644295,-0.009554362885293023,0.5109576404075711,0.05286493175967763
0.07309286528148884,0.9899127010738455,-0.09358302642276074,-0.01615180532305532
0.0,0.0,0.0,1.0
-0.5158799663938123,0.11731317187406265,0.8464994553992535,0.05023454744696711
0.8559098722838616,0.02027466153640805,0.5164682112029579,0.03921613779871554
0.046627403659233374,0.9900429803099542,-0.10944254337655486,-0.049657524752358614
0.0,0.0,0.0,1.0
-0.5062222900972766,0.12268901562595022,0.8524710773823998,-0.010961942417439207
0.862381101843753,0.03312140601227238,0.5062679470197231,0.0117232979039401
0.03454033611985206,0.9905842298904073,-0.12133525154285738,-0.04553930521494153
0.0,0.0,0.0,1.0
-0.49987963606242025,0.11357946091102133,0.8585575406421802,-0.02353198460116837
0.868016291061727,0.029310731457796994,0.4998809743686664,-0.003342541525155312
0.031719077504990936,0.9929596257307731,-0.11298987779562938,-0.030365581721631847
0.0,0.0,0.0,1.0
-0.4966355664773081,0.09486736763941694,0.8623058366398524,-0.01953644707233556
0.8698861221832864,0.015882113489055983,0.4966355664773081,-0.0016288843658626472
0.03430085594517112,0.996409149150127,-0.09303054476701214,-0.027007735402502474
0.0,0.0,0.0,1.0
-0.4787123672198135,0.09749762698257408,0.871338700969944,-0.018101216652737916
0.8773479279701368,0.012746687933804485,0.4787123672198135,0.001879749404284582
0.03493060642394829,0.996409149150127,-0.09651213663598646,-0.02672551081520714
0.0,0.0,0.0,1.0
-0.45822787951848787,0.11672325804819098,0.8792913332109481,-0.01981743488042969
0.8868259618319356,0.025694787391649182,0.45822787951848787,0.001477939089493363
0.027304800292144486,0.9929609640370192,-0.12125260401595897,-0.024598709844611252
0.0,0.0,0.0,1.0
-0.42552034794133997,0.12715797226860262,0.8926925120614017,-0.024212831758219158
0.9015670325905412,0.034120563123436316,0.42552034794133997,-0.000809458867173111
0.01923898475727085,0.9906298868128538,-0.13544960121358085,-0.020259586006779455
0.0,0.0,0.0,1.0
-0.38198981290992895,0.12698506550094263,0.9130424316596712,-0.028522550216513037
0.9199928303902514,0.03233241553041154,0.38198981290992895,-0.005295632865391145
0.01591657484905381,0.9906298868128538,-0.1339797828477231,-0.0138434279361188
0.0,0.0,0.0,1.0
-0.3746471238986231,0.11428980775076068,0.9202117358247992,-0.01858181876875485
0.9232170184780186,0.02937997044334867,0.37464578559237693,-0.014218010997571692
0.01465378286641262,0.9929609640370192,-0.11841923156859459,-0.003244375684770828
0.0,0.0,0.0,1.0
-0.37983469071960807,0.09292516437077522,0.920951223362993,0.04089286317484782
0.9215811101758467,0.032787988193071244,0.3797903721034077,-0.028658894055047276
0.004342361614802479,0.9964104874563733,-0.09898004829341456,0.02051638977434768
0.0,0.0,0.0,1.0
-0.3595218633655196,0.08086420813895323,0.9295876913494093,0.14175042229388407
0.9301732595460628,0.04628872717022083,0.35898195209131256,-0.04637000806960761
-0.01619171835590206,0.9964534677663273,-0.0924366049884405,0.05501280955369314
0.0,0.0,0.0,1.0
-0.3345177792900706,0.08650313960751219,0.938029879534553,0.205030227599185
0.9404509322973651,0.06375960636471793,0.33209672652725847,-0.060208152402871626
-0.03317671478055672,0.9934995370049802,-0.10084831416888365,0.0777211860040584
0.0,0.0,0.0,1.0
-0.32239716151870684,0.08976567867390059,0.9408459793008326,0.22088738911963365
0.9448354139943935,0.07784457523227487,0.3183634082089456,-0.06906329232712294
-0.044976605090836,0.9930039443469734,-0.10537618549632885,0.08667022482095121
0.0,0.0,0.0,1.0
-0.30994689898115235,0.07767011371404256,0.9460577659454963,0.2232754784523103
0.9484774804020623,0.08424984579774007,0.3069872732503793,-0.07447716247077948
-0.05537264865610833,0.9940350916160074,-0.09560212420654858,0.08967565746994466
0.0,0.0,0.0,1.0
-0.2949575596223899,0.0647996143281496,0.9526797838163038,0.22412011116531727
0.9532196950905109,0.08803155958524041,0.2919965955853706,-0.07942842241020906
-0.06632318853021867,0.9924210527628121,-0.08686626552939744,0.0903031681764867
0.0,0.0,0.0,1.0
-0.2933976420102331,0.05938264705584097,0.9531421170864822,0.22634000103618152
0.9531864357026825,0.09259565061512112,0.2893182317780254,-0.0861093189329254
-0.07299691107130138,0.990539911274207,-0.0837251450047201,0.09106540862185783
0.0,0.0,0.0,1.0
-0.30820773052496764,0.060401396790256925,0.9480263426943325,0.23175602619308713
0.9480263426943325,0.09861846608814007,0.30520244787174816,-0.09323318283898843
-0.0746263547820868,0.9900443186162002,-0.08542901202852396,0.0928696405434694
0.0,0.0,0.0,1.0
-0.29360266866624407,0.06354639589959606,0.9521609834030743,0.23555148271857962
0.9521153264806279,0.10734911890834481,0.29010179335501785,-0.1015079123885071
-0.08201845400038575,0.9900013383062463,-0.08851878066132901,0.0964898878795655
0.0,0.0,0.0,1.0
-0.2567293162915377,0.06106173004437013,0.9618714316004409,0.2358633762602119
0.9612858634037873,0.1161017428172553,0.25023019160276394,-0.11276005183438303
-0.09560615015924856,0.99,-0.08672057040173714,0.10145334858279317
0.0,0.0,0.0,1.0
-0.25234169626100067,0.05467321367670275,0.9632722489545527,0.2364433477999287
0.9602683046075793,0.12035573986781047,0.24534564060797404,-0.12464839468714126
-0.10376094467096408,0.99,-0.08265221939790136,0.104937400001797
0.0,0.0,0.0,1.0
-0.28108216845042666,0.04596068805488952,0.9583389659181121,0.23942866001895788
0.951388567187532,0.12624039363528208,0.27511726006643417,-0.13317757400903252
-0.10857013255320133,0.99,-0.07861156914654471,0.1072547870618224
0.0,0.0,0.0,1.0
-0.2997061385425517,0.04203754306623462,0.9552492083192685,0.2422586803939104
0.9463746877901291,0.13551229603594,0.2921258529991177,-0.13743625384521035
-0.11551095772969384,0.989998661693754,-0.07933966674588681,0.10929189621401547
0.0,0.0,0.0,1.0
-0.30025865276174146,0.04465708492546103,0.9536808263885197,0.2400156487366041
0.9461461977675323,0.14690340350188758,0.29075424541974815,-0.14009399718989402
-0.12452934596776803,0.9899556813837997,-0.08609251100760892,0.10943513948871544
0.0,0.0,0.0,1.0
-0.28199769591781104,0.055348610043964824,0.9565074962706919,0.23728211147519995
0.9504982692704991,0.15573226710858057,0.2715007649535582,-0.14085690185616795
-0.1317871510312199,0.9894587504195469,-0.09668582533962447,0.10906546687476718
0.0,0.0,0.0,1.0
-0.2565633521937821,0.06450689680054436,0.963449523419354,0.24024842578436045
0.955870576182166,0.15823928049130104,0.24410065742726195,-0.1385347759602168
-0.13631649699898796,0.9875359669272338,-0.10258009838949278,0.10984528701029461
0.0,0.0,0.0,1.0
-0.25078761566276797,0.058745932377679756,0.9658678995696739,0.24021310737752946
0.9564521294600812,0.15497526678458987,0.2362582696949999,-0.1383536528834961
-0.1363594773089421,0.985470654032232,-0.09471084076167231,0.11015931831414072
0.0,0.0,0.0,1.0
-0.2621960415381094,0.048260174907952445,0.9634068848538411,0.23997055725211575
0.9539924530504946,0.1502630877166714,0.24735661262497738,-0.13777346765681286
-0.1323257239991808,0.985160571086868,-0.08476063790297234,0.11010689266956997
0.0,0.0,0.0,1.0
-0.2625744359835081,0.053986905449106885,0.9623713809216272,0.24429222687936353
0.9548380906068858,0.14613803159597874,0.24804642832198626,-0.1345460744337441
-0.12689938858314914,0.9854719923384783,-0.08856190833932137,0.11055792439496778
0.0,0.0,0.0,1.0
-0.2644403265861571,0.05852547219255974,0.9604482556848728,0.24702726158271945
0.9550232585750873,0.13771041741150447,0.2520206121295911,-0.13374048355282056
-0.11878454499049268,0.987580285543434,-0.08991537768633781,0.11112759368157456
0.0,0.0,0.0,1.0
-0.2935855667011764,0.05838694667464807,0.9525566852239054,0.2433096180037757
0.9479816823336908,0.12883823175041603,0.2835828900886841,-0.13986174463072504
-0.10646149760380419,0.9899973233875077,-0.09049791649209624,0.11021749079138511
0.0,0.0,0.0,1.0
-0.3151234188877827,0.06089333834188955,0.9458377948728557,0.23782283942270693
0.9433710851875969,0.11650462528179656,0.3074558344181942,-0.14981360042237718
-0.09139808269929316,0.9923310772241654,-0.09232588240118053,0.10726246058225779
0.0,0.0,0.0,1.0
-0.30053140335821227,0.059504738052472986,0.9489728676497043,0.2369373048976477
0.9483859611468046,0.10387752062964964,0.29402390708752035,-0.15751801879303995
-0.08253193375207185,0.9934481851131078,-0.08821050306676753,0.10339315948801764
0.0,0.0,0.0,1.0
-0.27208971478106614,0.07011928908402462,0.9564034541807012,0.23878267566552697
0.9557735673678474,0.11077255254961904,0.26263096436151934,-0.16288637973356873
-0.08974106353614372,0.99,-0.0996750483178902,0.09979734785522959
0.0,0.0,0.0,1.0
-0.27857724412062357,0.07101412040308294,0.9538551405387139,0.23445951856858538
0.9508498578854945,0.12802150795263487,0.267591753774036,-0.17209261996649994
-0.10511055750124182,0.9865504765806461,-0.10751592170434898,0.09544914231896054
0.0,0.0,0.0,1.0
-0.30668831860967516,0.04383584606250043,0.9467692456811172,0.2227194205300721
0.9398201852567831,0.1330384057069712,0.29884494534956985,-0.18577100586333734
-0.11411956656163143,0.9876246041596343,-0.08486297841279607,0.09036193726574547
0.0,0.0,0.0,1.0
-0.3192740788667092,0.014016593302367156,0.9443508805647589,0.21682315444964528
0.9355206786518198,0.1313457922879424,0.3136662486567733,-0.19585525303228657
-0.1192331424198068,0.9894614270320392,-0.0552735429475443,0.08824339973221326
0.0,0.0,0.0,1.0
-0.32886838718667616,0.0004924941908236863,0.9403624313990413,0.21461342601345498
0.9333677140522607,0.13084563755639134,0.32452187431905855,-0.2025604792266792
-0.12053287799853504,0.9899556813837997,-0.04452357088809268,0.08816667869257294
0.0,0.0,0.0,1.0
-0.33249482125846697,-0.0010543726618142124,0.9382128489687801,0.21440477622645351
0.9346233364251533,0.1263770226581802,0.3308767674865332,-0.20609650308695937
-0.11664446703803129,0.9899973233875077,-0.04298205726043938,0.08857358515196906
0.0,0.0,0.0,1.0
-0.33425203329775294,-0.01775178674705915,0.938793063940449,0.21521724556742738
0.9352008747843299,0.12041828732213142,0.33761291948470623,-0.20821260136316883
-0.11835016148056074,0.9899556813837997,-0.023685113975411544,0.08929459863430372
0.0,0.0,0.0,1.0
-0.3250461753253109,-0.017087347968439918,0.943817649787821,0.2138719597103097
0.9367329569023938,0.13184969848554084,0.32795311085796547,-0.2117823896501812
-0.13062854850660768,0.9894600887257929,-0.026188066711084517,0.08960210155222831
0.0,0.0,0.0,1.0
-0.30180923638607926,0.012495770811906982,0.9526854898196913,0.2144774119468203
0.9427298084358915,0.15631347864205436,0.29826839912183234,-0.2139631053027467
-0.14519369414061967,0.987580285543434,-0.05975625248785116,0.08972041619586782
0.0,0.0,0.0,1.0
-0.2958304198527424,0.031612211434469684,0.9553336832648927,0.22020586673531212
0.9429596257307731,0.16984881531327845,0.28937427547392286,-0.21207935519310436
-0.15209709764250726,0.986010565306439,-0.08196781496820349,0.09035607027391793
0.0,0.0,0.0,1.0
-0.2867717389511679,0.039915572062740885,0.9582489903794653,0.22258710434662676
0.9442622322983967,0.16671809919960942,0.2803112379091687,-0.21108672511915294
-0.14877651515301582,0.9875789472371879,-0.08636770152282204,0.09115181324554023
0.0,0.0,0.0,1.0
-0.2715516382284691,0.051765543754878476,0.9620542647005914,0.21741337045668618
0.9496788688602256,0.15896216119973516,0.2615113345310072,-0.2141229151130276
-0.1409885087035212,0.9894157701095927,-0.09127698437254375,0.09151262373990696
0.0,0.0,0.0,1.0
-0.2817970193213839,0.05587781486820269,0.9572631582884366,0.2160488681185871
0.9472631582884364,0.15515789447437572,0.26785190324402325,-0.21427088781268067
-0.13497238476173296,0.9894157701095927,-0.09408664891824436,0.09167059478078811
0.0,0.0,0.0,1.0
-0.2914281873961113,0.0594905241330908,0.9516640524388214,0.2158498344751312
0.9440407865854333,0.1518811414886051,0.27717298837338666,-0.21297349606968669
-0.12969125536088216,0.9875789472371879,-0.09899760808757638,0.09144531288034621
0.0,0.0,0.0,1.0
-0.29252460574032346,0.059939154664289535,0.9506715288165619,0.21391166980042642
0.944703943820077,0.1469530753430725,0.28041765084161374,-0.21351474246989605
-0.1233207188235681,0.986010565306439,-0.09989751266058153,0.09127806875137781
0.0,0.0,0.0,1.0
-0.29904679454735894,0.03785540698235917,0.9523807490653503,0.21336886531604105
0.9453403747961233,0.14009131384489293,0.29061517647810775,-0.2143761998279427
-0.11982554951572924,0.9875789472371879,-0.07789838729231333,0.09175000624691854
0.0,0.0,0.0,1.0
-0.3037196444116973,0.0236530565597527,0.9534951803418004,0.21475626408117693
0.9464548060725735,0.13422341427521914,0.29609236363957075,-0.21466113986999175
-0.11664045211929285,0.9894144318033464,-0.06419296783395975,0.0927727966542736
0.0,0.0,0.0,1.0
-0.3110216317572728,0.022300925518982394,0.9505855681966535,0.21401982257980257
0.944620659812661,0.13422073766272685,0.30335270898143823,-0.21555517523446338
-0.11892854903350406,0.9893714514933922,-0.06471930166930226,0.09370509563271842
0.0,0.0,0.0,1.0
-0.3118202851189331,0.03216646192817404,0.9495570975401117,0.21208388429021344
0.9420224689191242,0.14,0.30289307439167523,-0.21555021106694283
-0.1250608856600569,0.9870390359629808,-0.07611023969928855,0.0944583223993665
0.0,0.0,0.0,1.0
-0.2950299390723566,0.06300367167882007,0.9546596252038767,0.2132528431846303
0.945740786058537,0.14577926233727317,0.28104184268504173,-0.21332316265455487
-0.12420820379403205,0.9835908508498731,-0.1048391562449787,0.09510380679102307
0.0,0.0,0.0,1.0
-0.2778063826556535,0.07812651404098933,0.9592828142609917,0.21472519128891338
0.9517925042562045,0.1457739091122886,0.26193848308597967,-0.21069445034858797
-0.12035594527817506,0.9835908508498731,-0.11570412297193106,0.09559130765888094
0.0,0.0,0.0,1.0
-0.2716876345019267,0.0670046326453094,0.9607086667890519,0.21488981369060287
0.9552836696792664,0.13981603400396803,0.25881664600355425,-0.20747102070449086
-0.11586522295718149,0.987040374269227,-0.10054982657273595,0.09578743562790815
0.0,0.0,0.0,1.0
-0.28563820757490743,0.058707581399058614,0.9566832960951703,0.21649517256600737
0.9520653128950017,0.13183414625991252,0.2755952272649532,-0.2009841928179697
-0.10641182576261929,0.9894144318033464,-0.09117295277807108,0.09575778429480533
0.0,0.0,0.0,1.0
-0.30308414273966716,0.06901699188950162,0.9499128374079222,0.21962756785970963
0.9469532116771492,0.12165701916314944,0.2954582002737867,-0.1919220328203987
-0.09358817423738072,0.9899100244613532,-0.10058537382025043,0.09604486390817923
0.0,0.0,0.0,1.0
-0.2968338007039716,0.07973423567083632,0.9509053720641434,0.2200879281777728
0.9485286379175315,0.10951144061766527,0.29082189709128636,-0.18222574571499395
-0.08413076212408005,0.9894587504195469,-0.10753462862098753,0.09586304272156024
0.0,0.0,0.0,1.0
-0.27888410511718864,0.08975965959759083,0.9549750613742253,0.21641964556361487
0.9539009337952371,0.10299992942823494,0.2713051578800008,-0.17024004522488415
-0.07950306903574711,0.9875816238496802,-0.11428900556535886,0.09451850598238684
0.0,0.0,0.0,1.0
-0.24911547534414322,0.10352569585934773,0.9598657058451529,0.21538324626539698
0.9638538022324677,0.09788487892973674,0.23970104354079672,-0.15476014061662677
-0.07389544423617578,0.9860562222288856,-0.12302876489509484,0.09327879532642924
0.0,0.0,0.0,1.0
-0.23596487187114584,0.09399877027384285,0.9633541946557226,0.21440507570485462
0.9692234325316424,0.08541647815982918,0.22659475868399961,-0.13998840815615315
-0.06407524794543112,0.9881658537400875,-0.10750098389131521,0.09233238951626713
0.0,0.0,0.0,1.0
-0.25814224619809706,0.0598314498955197,0.9612015828345664,0.21113901443214456
0.9641168899491392,0.0655604932368021,0.2511488671575627,-0.1261556772049347
-0.04990700610441967,0.9924653713790126,-0.06987710681796616,0.09117432244560542
0.0,0.0,0.0,1.0
-0.29314557381645334,0.030231781047683773,0.9544340172041367,0.20979486199332908
0.9550169087882978,0.039782705539851734,0.2901402911632338,-0.11346460818519828
-0.028348481429873337,0.9969503987305801,-0.03731915054560333,0.08980403086919644
0.0,0.0,0.0,1.0
-0.3252007384502532,0.024545553010759988,0.9447964486031779,0.21109036538218923
0.9448421055256243,0.02253461036456415,0.32461517025359976,-0.10278623947349969
-0.010962213515076882,0.9994130934971004,-0.028137742166879153,0.08756093832001632
0.0,0.0,0.0,1.0
-0.34958654741956624,0.019642374671137535,0.9341250671546542,0.21177176076015602
0.9341264054609004,0.021445077927985768,0.3495408904971198,-0.09404455330055449
-0.012479243553953396,0.9999543430775536,-0.0232345638272567,0.08358327261497553
0.0,0.0,0.0,1.0
-0.3780660209452382,0.008983915844114808,0.9217540279774682,0.21259326314801313
0.9217540279774682,0.027088707804165706,0.37806468263899207,-0.0869838318959694
-0.02300092599003981,0.9999986616937538,-0.016067270423295924,0.08026939033213262
0.0,0.0,0.0,1.0
-0.39908091416291547,0.00933431352090221,0.9149404526461893,0.21532992156385045
0.9149404526461893,0.03224110168551861,0.39908091416291547,-0.08011722619649306
-0.028605932219445282,1.0,-0.01924433798225544,0.07923633683469847
0.0,0.0,0.0,1.0
-0.40362331908626103,0.01555627290769905,0.9151602293424268,0.2140860387644743
0.9151602293424268,0.03523533614432769,0.40362331908626103,-0.07548072652069689
-0.028150643258900418,1.0,-0.02734476224516509,0.07508977057377568
0.0,0.0,0.0,1.0
-0.4160106233487655,0.017985902662793953,0.9096387014968405,0.20767056236323422
0.9096387014968405,0.03093849511789501,0.4160106233487655,-0.07179995014003529
-0.02102847065654178,1.0,-0.02897005470313542,0.06813328978561514
0.0,0.0,0.0,1.0
-0.4272350251857485,0.02071302345223166,0.9045863928290663,0.18949006521541162
0.9045863928290663,0.021434224109978393,0.4272350251857485,-0.0666398918974131
-0.009644396466266204,1.0,-0.026183677484463635,0.05946982022637887
0.0,0.0,0.0,1.0
-0.41137002916841126,0.024479332382141863,0.9113318620706752,0.13057372126859063
0.9113318620706752,0.016284712251482387,0.41137002916841126,-0.057218632285320384
-0.005254903288694461,1.0,-0.026189041743409764,0.04257041240192743
0.0,0.0,0.0,1.0
-0.3994668872202929,0.01950039242325483,0.9147516519084595,0.03916194581466985
0.9147516519084595,0.014971046455486805,0.3994668872202929,-0.043225185044681175
-0.008918839145339766,1.0,-0.022548655386428508,0.019688358383544078
0.0,0.0,0.0,1.0
-0.42473294818445473,0.013459575051959485,0.9016942934697163,-0.01664688243585013
0.9016942934697163,0.014350733196720625,0.42473294818445473,-0.03138948174349386
-0.009770035337080294,1.0,-0.019825743892132305,0.005391134607161811
0.0,0.0,0.0,1.0
-0.45472864455246853,0.015914894798366403,0.887139415912636,-0.029230793198198435
0.887139415912636,0.010121760286152304,0.45472864455246853,-0.025478811352728038
-0.0017428324150195827,1.0,-0.021737137445593732,9.730317282702546e-05
0.0,0.0,0.0,1.0
-0.4575788219370728,0.014034749871566178,0.8852048786691068,-0.029068241113145425
0.8852048786691068,-0.0014785427261787046,0.4575788219370728,-0.02295359556557018
0.009461427032039104,1.0,-0.013944774332919404,-0.0028495328625179044
0.0,0.0,0.0,1.0
-0.445547102493858,0.003129212102538676,0.8908374386605515,-0.028094522679946977
0.8908387769667977,-0.01801335632936689,0.44545342105662766,-0.019353528152949023
0.019335162714668903,0.9999063185627697,0.003930927740225588,-0.005918748758048699
0.0,0.0,0.0,1.0
-0.4716790378927421,0.0012265612462441676,0.8754204924460457,-0.027911978859402838
0.8754648110622459,-0.031197805242099995,0.4685767347587203,-0.014250171404231335
0.026718041157283025,0.9968976968659782,0.014198731232139808,-0.009079181950347067
0.0,0.0,0.0,1.0
-0.5254860749349166,0.0059417757278863665,0.8235616439053257,-0.027933927256951076
0.8241015551795328,-0.0772037892355433,0.4876922857404235,-0.009689990862810619
0.033778040613203164,0.962206210805507,0.052363363760606386,-0.011759527697623604
0.0,0.0,0.0,1.0
-0.6087023316245945,-0.012579432538167606,0.6935384719138855,-0.026736329739390843
0.6959581863704516,-0.25028299452434855,0.43932231966497404,-0.006056461654116408
0.05048319512338861,0.8306199880403795,0.22454121190400675,-0.014799530509254293
0.0,0.0,0.0,1.0
-0.6743727255176585,-0.03660774772759824,0.5877299211003708,-0.02381063385994052
0.5917193557939318,-0.4024086703011951,0.39511229696839006,-0.0022631877947165415
0.06797036147112716,0.7207395714507316,0.37975195790603744,-0.019268814993427353
0.0,0.0,0.0,1.0
-0.5979435859047055,-0.011761877883465728,0.7002154255251509,-0.020051571859766082
0.7026351399817169,-0.2665128474145456,0.4285635739450851,0.0020514796225650066
0.06393807176772713,0.8306186497341334,0.23179517878756586,-0.02458507988706888
0.0,0.0,0.0,1.0
-0.523237284617919,0.031101008508508207,0.823811878076784,-0.015384075068068078
0.8243517893509911,-0.09164563086679224,0.48544483372967195,0.005469909410783571
0.056338740755846994,0.9621605538830604,0.03810513534698663,-0.02960816775939977
0.0,0.0,0.0,1.0
-0.5277570623128156,0.05130867265229823,0.8415295412071262,-0.010060846752479717
0.8415725215170804,-0.04350997333189589,0.5247004161012402,0.007466289133192082
0.0596968922879816,0.9963107903630785,-0.018968781109578052,-0.03400242059917517
0.0,0.0,0.0,1.0
-0.5313827360448746,0.057751210221445776,0.8421161246132622,-0.0036906014215164337
0.842073144303308,-0.050444402682458186,0.531875961110544,0.00928889266871235
0.07280003294928657,0.9968553789871037,-0.021585246880376198,-0.0380825983759852
0.0,0.0,0.0,1.0
-0.5101344995652117,0.07247824699214851,0.8543478511738638,0.013022630894013029
0.8538052632871644,-0.07108617233520356,0.5131854391408777,0.012996363789739594
0.0963840559338522,0.9924183761503198,-0.02543251949793697,-0.03914175801476939
0.0,0.0,0.0,1.0
-0.4880929050673919,0.10249898354524362,0.865055043322593,0.06711657300991081
0.8625453533273801,-0.08846488849104105,0.4956705139983336,0.02155138410881009
0.12505433046290285,0.9875373052334798,-0.04537264865610832,-0.025280460120220793
0.0,0.0,0.0,1.0
-0.49118212654539106,0.13281667629189298,0.860214617847656,0.15206410034037623
0.855095688764496,-0.10248866974000286,0.5035132037695564,0.03476993419436225
0.15517267388540973,0.982552670305167,-0.06585255275441006,0.00358151261081811
0.0,0.0,0.0,1.0
-0.5090345952810662,0.14551782210784803,0.8467625541498864,0.20486732526269402
0.8387848867349339,-0.12149420975640407,0.52490249485074,0.04625551712468816
0.1819675586575517,0.9786198043943862,-0.06396570526241757,0.02309387791022236
0.0,0.0,0.0,1.0
-0.5255992421836917,0.13645923181204112,0.8377631186435844,0.21656779927145192
0.8246166448939226,-0.14079423993620996,0.5401272498452137,0.053009180568802335
0.1945540517112925,0.9774377561407455,-0.04142070471344027,0.027153621554318448
0.0,0.0,0.0,1.0
-0.5454080028072756,0.12002402757818198,0.8287682799051743,0.2141396878649342
0.8095420344269628,-0.15793358890346432,0.5567965699948075,0.05630402859896492
0.1993181411722578,0.9771842419781618,-0.01417676079096778,0.025293259372707086
0.0,0.0,0.0,1.0
-0.5643623162319196,0.11227392659223176,0.8173266240128121,0.2103004865338686
0.793780228113216,-0.17240715692748526,0.576474624355614,0.05831133391210175
0.20515470508901795,0.975282467707097,0.0013777244034860986,0.02316736663621543
0.0,0.0,0.0,1.0
-0.5859484612362884,0.10290264612726362,0.8015930643262945,0.20761218559278846
0.7793628745011096,-0.17344052068045815,0.5974226472992875,0.06083975061964615
0.1986908618956083,0.9752587818733562,0.011822295880100241,0.021475993684089256
0.0,0.0,0.0,1.0
-0.6121486896390916,0.10058814103851033,0.7789976627189408,0.20683883051494978
0.7583178986545374,-0.18034740266783275,0.6213084053076849,0.06342560460451727
0.20194204327417908,0.9747868750490902,0.02400903835077453,0.02065500652996274
0.0,0.0,0.0,1.0
-0.6306266648640548,0.11339724222346545,0.7609942709307358,0.20672556087243718
