0.1960483243561577,-0.6908907084792835,-0.5789673975268395,-0.04949833743635426
-0.35713303578096617,0.2519276522153417,-0.15306492350553455,0.41720899055480676
0.21969262699034853,0.34951142351855136,-0.19189835143792097,0.022235108469158868
0.0,0.0,0.0,1.0
0.1828052528144997,-0.6514586190508963,-0.24587784605593405,-0.12055287941200535
-0.07324537417053581,0.06102579844956832,0.2206577575793401,0.5109586427270054
-0.3379439492202083,0.2815901095383962,-0.1318295422909227,0.018494613037601887
0.0,0.0,0.0,1.0
0.28755745506269104,-0.3113109472681974,0.09790317449791758,-0.11893981287013888
0.311048337630044,-0.06757390310514477,0.1955285381403007,0.40231844012996987
-0.6115301621036493,0.31777173246882895,-0.17147768576229533,0.04272106130474848
0.0,0.0,0.0,1.0
0.5328636197271241,0.24998955740476295,0.054942621765052935,-0.013308908692807757
0.4887226323799233,-0.357410598564779,-0.21883234886605216,0.22110649426112777
-0.5430917369215085,0.34850416194404626,-0.4952895492365738,0.1570867594331322
0.0,0.0,0.0,1.0
0.6897878685561674,0.5842005767552509,-0.10425447023646164,0.07345954381489947
0.5012755520552963,-0.5992124498491644,-0.4925431011464252,0.14357560792862767
-0.4835849499875471,0.33598364595149444,-0.7496240764517736,0.25224367587269925
0.0,0.0,0.0,1.0
0.7322218644582643,0.6520496209875464,-0.14221335686395986,0.11522679932085948
0.49325960598239915,-0.6642256859439774,-0.5526380914564806,0.1298318219667425
-0.4637726282266816,0.3378538741388648,-0.8123017186554955,0.28139699835833176
0.0,0.0,0.0,1.0
0.7544175720264937,0.6423497877685191,-0.11770374389542931,0.1362862664629555
0.4892145353243982,-0.6782103012841181,-0.552286089242316,0.12833724806987784
-0.4328476372670338,0.3568194249716275,-0.8243564990516504,0.2883354734041853
0.0,0.0,0.0,1.0
0.7651932160621018,0.634222554047491,-0.09660378119135911,0.13829585497152674
0.4922536355542134,-0.6827350142928379,-0.5450100118467026,0.12738766706108245
-0.4091510982715415,0.3663049707260595,-0.8314864362295789,0.2918548545458163
0.0,0.0,0.0,1.0
0.7532213751411984,0.6467343062426014,-0.1105895941493535,0.1385543469477205
0.5019281367172977,-0.6794547355008083,-0.5385728091656936,0.12405667581779492
-0.4215834560778593,0.34964023417948964,-0.8348837475293324,0.29198869669869165
0.0,0.0,0.0,1.0
0.7428798491927702,0.6571631311171842,-0.11998812094866887,0.15115574775507792
0.510491235994827,-0.6746236781695946,-0.5343451745613714,0.11882956219385382
-0.43137099316677496,0.3378079153383027,-0.8381188585113948,0.28674658354160054
0.0,0.0,0.0,1.0
0.7477078881670504,0.6528320231071567,-0.10794390788068314,0.1669663017942578
0.5134968603924879,-0.6754679774197396,-0.5286167860374527,0.11503247572896058
-0.41705360996365026,0.3414342351439399,-0.8429985911219888,0.2781177214599286
0.0,0.0,0.0,1.0
0.7540305875847896,0.6483891268717765,-0.09606777056973692,0.17364578655231677
0.518877538886073,-0.6779815459996144,-0.5191957990369521,0.11391714413347165
-0.4000573415973746,0.34281660721560503,-0.849234480726053,0.2708501030113026
0.0,0.0,0.0,1.0
0.7491817905279345,0.6548063058593805,-0.09634268659829748,0.17764350649888747
0.5274362815004227,-0.6743048708639096,-0.5163777061470627,0.11465255311025661
-0.40069792382623604,0.33747946722074135,-0.8516941571356396,0.2646750245119217
0.0,0.0,0.0,1.0
0.7334981986987339,0.6688758588353856,-0.11858098637120869,0.18834555584138898
0.5282446337162856,-0.6687957405529414,-0.5247937719906857,0.11581235099588794
-0.42821418727502625,0.32254716971214414,-0.8440350916160075,0.2575984390153411
0.0,0.0,0.0,1.0
0.7202339795816581,0.6797217018021415,-0.1453239733767283,0.1991107752299082
0.5234525417762876,-0.6678102502063539,-0.5320980942043122,0.11767455554404876
-0.45850055182320837,0.3064628359100503,-0.8337295016678998,0.253056479229597
0.0,0.0,0.0,1.0
0.7159784388144922,0.6811062540709351,-0.16567977128686517,0.19857172334824852
0.5205775383591766,-0.6760132419189313,-0.5228666318351928,0.12097391734529718
-0.4685880451257659,0.2876824532063343,-0.8347606489369339,0.254311070414098
0.0,0.0,0.0,1.0
0.716827094727817,0.6767650944283021,-0.17697000238779376,0.1911299168067341
0.519325794570946,-0.6874389581129149,-0.5073203525177729,0.12257203291156474
-0.463663144705205,0.2725830802335796,-0.8429566073738395,0.26072478163237195
0.0,0.0,0.0,1.0
0.7252575799011868,0.6683332709486863,-0.1688955988266758,0.1862666756328865
0.5152903612104972,-0.6912002445283201,-0.5065603338368486,0.12120268247468552
-0.4519134153485901,0.28285307592580783,-0.8457819389497654,0.2673693428853272
0.0,0.0,0.0,1.0
0.7418314696474202,0.6552089046218068,-0.14888443582766836,0.1848836207694286
0.5047589688862465,-0.6903129649682209,-0.5190088146839866,0.1194488635074423
-0.4385714708594475,0.31043734382453914,-0.8429153071145727,0.2704586730932624
0.0,0.0,0.0,1.0
0.7561321892585147,0.643283580851078,-0.12999577967089698,0.18304711058957368
0.49499195190609974,-0.6883775895648866,-0.5295900842597868,0.11807252552902722
-0.4273987907495297,0.33398379776646153,-0.8406742054290541,0.27149658014918715
0.0,0.0,0.0,1.0
0.7575650750622469,0.6423906063215528,-0.11324864141256225,0.18148455987863588
0.5013138021300723,-0.682200945356095,-0.5294005596284056,0.11646554820985819
-0.41686993870369465,0.3435577532750066,-0.8412167933157535,0.27163265566514605
0.0,0.0,0.0,1.0
0.750447259123068,0.6495957211868862,-0.1007780421086803,0.18221223091722816
0.5194100751401668,-0.6755690011527969,-0.5185147657425906,0.11506248509973134
-0.405703295307644,0.33877637881893913,-0.8460119036126852,0.2709142670291119
0.0,0.0,0.0,1.0
0.7436794880822737,0.6568604231919335,-0.10745986356352785,0.1859588223663181
0.5291401485242265,-0.6782571675849804,-0.5026040221970393,0.11378939306825411
-0.4052575799011868,0.32089163622327904,-0.853989434693561,0.26892299414302356
0.0,0.0,0.0,1.0
0.7412637885444462,0.66115592591212,-0.12187276990668697,0.1907746416348716
0.5276607455703196,-0.6841264054609003,-0.4947646638556723,0.11261444216781458
-0.4129525924551011,0.30589014332653286,-0.8588288636066931,0.26630840033782877
0.0,0.0,0.0,1.0
0.7436351694660734,0.6603529269212416,-0.1280257172477764,0.18833490144768128
0.525109560939437,-0.6883416425306044,-0.4942177193057933,0.11198832394797176
-0.4151560670556501,0.3014397247030012,-0.859907347848861,0.26525625674727404
0.0,0.0,0.0,1.0
0.7499127010738456,0.6524626947665202,-0.12640245761889626,0.17726407956553403
0.5225083516889667,-0.6944836890453217,-0.493009297571958,0.1118937745336553
-0.4094560738070545,0.30355322376490346,-0.8599530047713075,0.2657021488728385
0.0,0.0,0.0,1.0
0.7553293266017129,0.6446706733982872,-0.1211241411646144,0.17612519398164075
0.5204969309642529,-0.6983789278711326,-0.49349953700498006,0.11223139176137234
-0.4022482823292288,0.30887452052913944,-0.859460088725793,0.26501306433410615
0.0,0.0,0.0,1.0
0.754528007661522,0.6430952581918663,-0.11906284318835114,0.1847721263485612
0.5194587504195469,-0.6980758782014407,-0.4964521294600812,0.11237989047571158
-0.40148255764491725,0.310938495117895,-0.857580285543434,0.26287291688959463
0.0,0.0,0.0,1.0
0.7519311550742314,0.6440364299222536,-0.12224258735980295,0.18763462552016055
0.5169960556530266,-0.6990118330409201,-0.4963661688401728,0.11201766572250285
-0.4056491304692027,0.3078017312563973,-0.856010565306439,0.2612119191948906
0.0,0.0,0.0,1.0
0.7546636401226152,0.6423767341466118,-0.12533502157113874,0.18258118669968743
0.5130066209594657,-0.704529345967768,-0.49241971445656607,0.11134834290586987
-0.40479644860317787,0.3052035513968222,-0.857580285543434,0.2614050786111156
0.0,0.0,0.0,1.0
0.7570390359629808,0.6400026766124923,-0.12873621145555392,0.17606857385971952
0.5106325634253461,-0.7082862757199937,-0.4881671920463337,0.11003158853932749
-0.4029153071145728,0.3036378460785656,-0.859460088725793,0.2629001851372732
0.0,0.0,0.0,1.0
0.7582946473019119,0.6377159180045273,-0.12734630596177585,0.17235203478420796
0.5106768820415465,-0.7068134279632408,-0.48614753607377836,0.109163449385869
-0.4016583574693956,0.30605756053513167,-0.8599543430775536,0.2644807737990952
0.0,0.0,0.0,1.0
0.7609371568116489,0.6371830400059921,-0.11726181998219032,0.17029004036290749
0.5135921891561193,-0.7018314696474202,-0.48875276024298714,0.10978978795641915
-0.3984786132979438,0.3121539501274023,-0.8599530047713075,0.26607383539230867
0.0,0.0,0.0,1.0
0.7583372858674248,0.6435868359311345,-0.10632635425519042,0.17000803941923945
0.5199973233875077,-0.6945763411964606,-0.495470654032232,0.11108321895879981
-0.3987017500955561,0.31726449659468264,-0.8594157701095927,0.26745947139471893
0.0,0.0,0.0,1.0
0.7511724746995532,0.6533125526520145,-0.09960007785006589,0.17539893547663282
0.5263178353052341,-0.6861018791513319,-0.5039451160773607,0.11210985046264718
-0.40237271922787343,0.32161537715944144,-0.857040374269227,0.2675741578751607
0.0,0.0,0.0,1.0
0.7478102502063537,0.6570291787067783,-0.09942112333457725,0.1837632926063183
0.528197638487593,-0.6817580428962067,-0.508828863606693,0.11214658793710118
-0.4051977090593581,0.32363383115982725,-0.8535895125436269,0.2662938015219245
0.0,0.0,0.0,1.0
0.7536405226910579,0.6509331418929105,-0.09756522243028512,0.188154625996961
0.5239424394648684,-0.6830952581918663,-0.5099556813837998,0.11089865078431277
-0.4004805295448579,0.3295194704551422,-0.8535451939274266,0.26501803481271463
0.0,0.0,0.0,1.0
0.7635368223455085,0.6394671220014649,-0.08918381232306316,0.18883661467936005
0.5160185951439159,-0.6869437071993494,-0.5106285485066077,0.10934148867088798
-0.38986470928334804,0.3413037504974667,-0.8564548060725735,0.264305129558162
0.0,0.0,0.0,1.0
0.7697770686127523,0.6331838954242669,-0.08271746894359983,0.18549731070564907
0.5114853816254477,-0.6885589369907527,-0.513590850849873,0.10852278435880577
-0.3841598702590934,0.3518493567410996,-0.8564104874563732,0.2632885600861027
0.0,0.0,0.0,1.0
0.7737139494422716,0.6303198038674899,-0.0660308237810162,0.17663729379991716
0.5140063252254354,-0.6835726220117524,-0.5200026766124923,0.10874014630545623
-0.37487791622582983,0.36906853815777696,-0.852958287424527,0.26108081843250874
0.0,0.0,0.0,1.0
0.7737679889805977,0.6286530637822145,-0.022470724603997058,0.1796065187844143
0.5286503871697222,-0.6667302913238631,-0.5264991246887738,0.10982198740486673
-0.35026977924790215,0.3980648300070303,-0.8505385729679609,0.2567641789024312
0.0,0.0,0.0,1.0
0.770451410375883,0.6300885008983241,0.020731943620562687,0.19892412444572366
0.5463106656954855,-0.6476787689980756,-0.5304942543517606,0.1098718904196099
-0.3264730349106941,0.42160150498450055,-0.849460088725793,0.2528114614322309
0.0,0.0,0.0,1.0
0.7762403936352821,0.6238039249809182,0.03490721873724612,0.20086565772374837
0.5443313023864305,-0.6451301246456087,-0.535378001881093,0.10791578135356197
-0.3150332521653665,0.43397858087555363,-0.8469960556530267,0.2535426422704915
0.0,0.0,0.0,1.0
0.7854179638341137,0.6145833744721327,0.029667018480413303,0.19083903601821323
0.5320213360232426,-0.6515695148266305,-0.5409828137340954,0.10670760534129885
-0.31369153283848894,0.44083781312927905,-0.8430052826532195,0.25557952158226527
0.0,0.0,0.0,1.0
0.7892828142609918,0.6107185240452545,0.020529204824237868,0.18567758835235226
0.5237197917797356,-0.6574513446135716,-0.5418328079536665,0.10717420272185571
-0.3170900461104119,0.44119890622207414,-0.8405855681966535,0.2556934830023576
0.0,0.0,0.0,1.0
0.789948989852569,0.6100953287636314,0.012421052762812156,0.18462591097819123
0.5200953287636314,-0.6624156995378276,-0.5404499357355603,0.10781370062078022
-0.3200483335349388,0.4368577465794411,-0.8400456569224465,0.25520388615633394
0.0,0.0,0.0,1.0
0.7899530047713075,0.6105869065028997,0.004035091616007438,0.18217236223608624
0.5175829621559263,-0.6669490604243341,-0.539501730729501,0.10899942182299928
-0.32359085084987305,0.42945607380705453,-0.8400013383062461,0.255125305477758
0.0,0.0,0.0,1.0
0.7894144318033465,0.6130066209594657,-0.006989364121795899,0.18257560493135816
0.5154746689509704,-0.6694117551908543,-0.5375346286209876,0.11061889715257596
-0.33058155327791505,0.4205425878866993,-0.8400013383062461,0.2550957940693673
0.0,0.0,0.0,1.0
0.7869960556530267,0.6170376976567347,-0.016266825157803012,0.19323312338555
0.515251884931761,-0.6699100244613534,-0.535378001881093,0.11148221085966933
-0.339317764733469,0.4130979348043586,-0.8400469952286926,0.2553441026444898
0.0,0.0,0.0,1.0
0.7830469246569276,0.6199140393800917,-0.02044409339809623,0.20264932183262682
0.516641790425539,-0.6694574121133008,-0.5339451160773607,0.11146303492918597
-0.34502043459455684,0.4082518143599958,-0.8406298868128539,0.2568300201036523
0.0,0.0,0.0,1.0
0.7810355039322139,0.6219697787210057,-0.01649209141310176,0.20400325614595527
0.5235451939274266,-0.6675359669272338,-0.5289188391453399,0.11044332740875121
-0.3413771772486802,0.406416182425799,-0.8435465322336727,0.2594307601339509
0.0,0.0,0.0,1.0
0.781339891908152,0.6232780912920168,-0.0034610607262438274,0.20563643001789
0.5334052048031537,-0.6654693157259859,-0.5210811608546603,0.10878888180683086
-0.328531656274465,0.40770739905457093,-0.849460088725793,0.26231997883556335
0.0,0.0,0.0,1.0
0.7785671141962678,0.6268149026035637,-0.0009956783132698231,0.21730199721701127
0.5382902906387321,-0.6651162524706677,-0.5160535456163933,0.10711182109929349
-0.32592374445880246,0.40210527484802233,-0.853989434693561,0.2624502642173028
0.0,0.0,0.0,1.0
0.7714825576449172,0.6355121597018634,-0.015505126426191345,0.2365623676496203
0.5380732015889484,-0.664930742758025,-0.5145750028902145,0.10589382753412503
-0.3405743836681664,0.38857428380601644,-0.8553806784935853,0.258074578901007
0.0,0.0,0.0,1.0
0.7693369901333946,0.6377007075233402,-0.016934846504951837,0.25203954944007023
0.5390118330409202,-0.6651162524706677,-0.5118368228724048,0.10537769886123569
-0.3417742754180838,0.38593178533024086,-0.8575776089309417,0.25321631076142515
0.0,0.0,0.0,1.0
0.7731409151143127,0.6327796746534795,-0.0011213171840839093,0.26136310073168817
0.544528007661522,-0.665470654032232,-0.5069973939592728,0.10552609979256053
-0.325112090183891,0.3942163809995472,-0.8599986616937539,0.2493297926329097
0.0,0.0,0.0,1.0
0.7799596963025383,0.6270336827379962,0.013583670206162824,0.2637516874520929
0.5482419571037934,-0.6675816238496802,-0.5006768820415465,0.10578058547954865
-0.30645931010379135,0.4017951808686968,-0.8623740575341197,0.2470884298572486
0.0,0.0,0.0,1.0
0.7864548060725736,0.6199986616937538,0.02313126326847486,0.2615054922921649
0.5462721783827877,-0.6700456569224466,-0.49722735862219253,0.10603757559521576
-0.2933748946959709,0.4069034035018876,-0.8639437777711145,0.24666752859345634
0.0,0.0,0.0,1.0
0.7899986616937539,0.6129166454208189,0.024735728567582507,0.2577308908223471
0.5393660982684079,-0.6730066209594658,-0.501171136393307,0.10580808607195882
-0.29230330739539834,0.4094560738070545,-0.8618798031823589,0.24772018272186158
0.0,0.0,0.0,1.0
0.793498198698734,0.6065018013012661,0.01798188774405551,0.25218579672046015
0.53,-0.6775776089309418,-0.5088785354478779,0.10495800887254103
-0.2984755949410103,0.41049425435176057,-0.8581188585113949,0.25022806687617705
0.0,0.0,0.0,1.0
0.7994117551908543,0.5976742760008191,0.011387228881285787,0.24473334129642102
0.5206312251191001,-0.6823740575341195,-0.5134508617256002,0.10355837925440792
-0.3016193920781799,0.41241837615031984,-0.8560092270001929,0.25346169919058226
0.0,0.0,0.0,1.0
0.8033595478807072,0.590232641275412,0.008611432812468069,0.23819229652678892
0.5136365077723195,-0.6863634922276806,-0.5135451939274266,0.10216405215968458
-0.3025583652745928,0.4139921113060533,-0.8569947173467806,0.2564470127364052
0.0,0.0,0.0,1.0
0.8018341462599126,0.5917567045899605,0.001973793639744178,0.23090678948689275
0.5105882448091459,-0.6864051342313886,-0.5165961335030925,0.10165824022151887
-0.3110798225484141,0.41251236660770507,-0.8564091491501271,0.2593296644187476
0.0,0.0,0.0,1.0
0.7981201968176412,0.598920177451586,-0.005278316454281846,0.22482365943614482
0.5095057456482395,-0.6828696501921263,-0.5246649784288613,0.10204200642658737
-0.3223656859522014,0.4117593812024528,-0.8523740575341197,0.2617118081405437
0.0,0.0,0.0,1.0
0.7960992025388398,0.6033152292645069,-0.005644968182426083,0.22907715333641465
0.5075373052334798,-0.6794587504195468,-0.5324197144565661,0.10341270597342893
-0.32622919807283346,0.4167304276579396,-0.8475346286209875,0.2618616517638127
0.0,0.0,0.0,1.0
0.7981215351238873,0.6017884893374661,0.001173813005799303,0.24042516064222988
0.505470654032232,-0.6746193215064149,-0.5398643675389068,0.10528372506798456
-0.32474677676199293,0.4281215351238872,-0.8425096899952127,0.2598239642698136
0.0,0.0,0.0,1.0
0.801878464876113,0.59758162384968,0.011834146259912503,0.24791053401057966
0.5051619093931141,-0.6689715293434584,-0.5458652229571817,0.10584950910462529
-0.3216140388531953,0.4412459014507667,-0.8381228734301334,0.2573546580921217
0.0,0.0,0.0,1.0
0.8038981208486682,0.5937278216172124,0.020304593386302746,0.24878261957630105
0.5055176492609246,-0.6675802855434341,-0.5469034035018876,0.1044259115391584
-0.3161032174575781,0.45021461784765604,-0.8355163109546785,0.2563504140485571
0.0,0.0,0.0,1.0
0.8017884893374662,0.5948063058593803,0.021114283908411916,0.24738688638519615
0.5081658537400875,-0.66650046299502,-0.545378001881093,0.10291430464323278
-0.31475931063068774,0.4505716960217126,-0.8351619093931141,0.2561567100929065
0.0,0.0,0.0,1.0
0.7969920407342883,0.6035478705399189,0.016450791153835003,0.25264927236713697
0.5130052826532195,-0.6629609640370193,-0.5445750028902145,0.1034046350540331
-0.3205425878866993,0.44398541977482253,-0.835470654032232,0.25368053351867853
0.0,0.0,0.0,1.0
0.7905399112742071,0.6153293266017129,0.008703088401802247,0.2631728831385534
0.5194144318033466,-0.6605399112742071,-0.5425096899952129,0.10508596717368165
-0.32779737459321767,0.43412808551158777,-0.8375359669272336,0.2492352429160914
0.0,0.0,0.0,1.0
0.7854733306447244,0.6208928381954486,0.004439506763197904,0.2699238954422349
0.5239424394648684,-0.6595084222607317,-0.5410798225484141,0.10607945063459774
-0.3291043488579825,0.4290158479596585,-0.8394600887257929,0.24605160589210887
0.0,0.0,0.0,1.0
0.7822425873598029,0.6207613569871704,0.0061004045110091415,0.27182222970893877
0.524796448603178,-0.6576689227758347,-0.54241837615032,0.10639319796547145
-0.32740047080021717,0.4286087561999758,-0.8400013383062461,0.24458348020461707
0.0,0.0,0.0,1.0
0.7789245341147657,0.6222452639722953,0.0032183567842647347,0.2711855261307652
0.524620659812661,-0.6570433926261605,-0.5434065431093998,0.10668479198188896
-0.33274353324279426,0.4242538607164785,-0.8405828915841612,0.24333074232369908
0.0,0.0,0.0,1.0
0.779327132877192,0.6237238066984739,-0.004478130409972368,0.26886889901128885
0.5236794880822737,-0.6617911659499583,-0.5394587504195469,0.10659760424703049
-0.33909879022263334,0.41740033446614044,-0.8429609640370191,0.2421277015996488
0.0,0.0,0.0,1.0
0.7769890223773547,0.630007033275672,-0.012023670891293685,0.2698509533662411
0.5270903878548532,-0.6639394211079348,-0.5340851052016337,0.1066831079837168
-0.3445377175496862,0.40896315776154013,-0.8464548060725734,0.240052414963351
0.0,0.0,0.0,1.0
0.7665531531931383,0.6428612786102081,-0.017303461985898334,0.27752630914803733
0.5364078108438809,-0.6559675849964849,-0.5330469246569276,0.10827570200051731
-0.35483541399439356,0.3981658537400875,-0.8469960556530267,0.2367180532762797
0.0,0.0,0.0,1.0
0.7607228807084342,0.6492314623691193,-0.02211230812369431,0.28204743934126164
0.5422354067160928,-0.6507242190146805,-0.5339464543836068,0.11017193426592689
-0.3643906951497412,0.38955442092761944,-0.8460092270001929,0.23544191037460419
0.0,0.0,0.0,1.0
0.7646219981189071,0.6453766635748468,-0.02555661465214031,0.28157406800912055
0.5393674365746539,-0.6552505466255147,-0.5312955732919517,0.1107207453032288
-0.36429684102643267,0.38699873226551895,-0.8481188585113949,0.23625872665385309
0.0,0.0,0.0,1.0
0.7678013895119562,0.6421972721817978,-0.031570061981436234,0.28187819686848276
0.5340824285891413,-0.6613439068268905,-0.5251149141644216,0.11059323826940408
-0.362107296643151,0.3830062792150244,-0.8518811414886052,0.23550751528104868
0.0,0.0,0.0,1.0
0.7651619093931141,0.6447937719906855,-0.041107592377181174,0.2860045425198837
0.5330496012694199,-0.6644850273515677,-0.519060166575859,0.11063448696944433
-0.36474410014950065,0.37427174781015793,-0.853989434693561,0.23126579560365063
0.0,0.0,0.0,1.0
0.7631895903936928,0.6462691600258541,-0.044958376252715364,0.2909540095147457
0.5340364299222535,-0.6654209821910472,-0.5181685303525798,0.10978476994147053
-0.36563659660050796,0.3719893458653725,-0.852958287424527,0.22720032269388624
0.0,0.0,0.0,1.0
0.7711724746995532,0.6363621539214345,-0.03209308272376879,0.28817656076478365
0.5324210527628122,-0.6674903100047873,-0.5195500642644397,0.10658438521390093
-0.3527256461491149,0.38431338981386587,-0.8529596257307731,0.22866838375225348
0.0,0.0,0.0,1.0
0.7829552690675934,0.622468389735946,-0.008877538886073006,0.27986351590825487
0.5305399112742071,-0.668920177451586,-0.5204969309642529,0.10349219211317119
-0.3318828215392925,0.4034535383380924,-0.8540350916160075,0.23338428893329294
0.0,0.0,0.0,1.0
0.789327132877192,0.6152035513968221,0.011159940830858374,0.2748452342876031
0.5300429803099542,-0.6675816238496802,-0.5224183761503199,0.10213254683512354
-0.31578911959347566,0.4181989767938392,-0.8524653713790125,0.23684667203168996
0.0,0.0,0.0,1.0
0.7929542725057885,0.6089711875990169,0.026226521460341143,0.27105667349879725
0.5299596963025381,-0.6665921185843542,-0.523989434693561,0.10168446860904629
-0.30260501875884416,0.4268550699669489,-0.8510798225484142,0.23943987940371816
0.0,0.0,0.0,1.0
0.7974862950860488,0.6006352400378384,0.0358652229571815,0.2648907578260838
0.5295514025706859,-0.6704929160455145,-0.5224197144565661,0.10140083848015702
-0.2911751513120455,0.4323713809216273,-0.8524640330727664,0.24205885390171727
0.0,0.0,0.0,1.0
0.8012485780632591,0.5948063058593803,0.040539911274207044,0.261002696693053
0.5287514219367411,-0.675236674450574,-0.5205425878866994,0.10156206727114635
-0.2836378460785657,0.4369960556530267,-0.853989434693561,0.24310940588945545
0.0,0.0,0.0,1.0
0.8009331418929104,0.5966498202630159,0.04658542705312335,0.26486873924434273
0.5320238072253705,-0.6727269844553612,-0.5201342941548471,0.10300422211943734
-0.28010202029486214,0.4400806073949237,-0.8523753958403657,0.24041943561407764
0.0,0.0,0.0,1.0
0.795245046032492,0.6042606996157475,0.057305005702509085,0.2729760806468766
0.5416570191631496,-0.6623297389179192,-0.5211268177771067,0.10545735842971302
-0.2778985456943131,0.44381384027944715,-0.8500000000000001,0.23532986573177986
0.0,0.0,0.0,1.0
0.7889188391453399,0.6116210721288673,0.06531545442677197,0.27897884290572283
0.5493244562646997,-0.6506768820415465,-0.5254223204972932,0.1070342574773603
-0.27943266064146716,0.4489949425090456,-0.8476259424658805,0.23133227086148853
0.0,0.0,0.0,1.0
0.7797758776745444,0.6231837480562288,0.05829149261090159,0.2853177984791011
0.5541705767090626,-0.6418869838260692,-0.5308941765016948,0.10789758743148022
-0.2943951881469976,0.4434937057014776,-0.8460562222288854,0.22736243372891562
0.0,0.0,0.0,1.0
0.770317116221036,0.6361376898515375,0.0375817601837568,0.2894606890804486
0.5557834246240498,-0.640007033275672,-0.5307100050952982,0.10783016364081605
-0.31483225930338343,0.4252921775952613,-0.8481201968176411,0.22473803791747843
0.0,0.0,0.0,1.0
0.7685644375837755,0.638430279763005,0.025850328741550452,0.2859928052343784
0.5537764968965925,-0.6447007780951053,-0.5251135758581754,0.10640890446828036
-0.3194502314695905,0.41561902577238463,-0.851879803182359,0.2274358097941428
0.0,0.0,0.0,1.0
0.7624193727121248,0.6435455356718679,0.032742331270624786,0.284768265178714
0.563638187823007,-0.6408951730634996,-0.5195933863188352,0.10658443717874017
-0.31398576151926383,0.4156492668032794,-0.8539491309960991,0.22939465382599503
0.0,0.0,0.0,1.0
0.7496054310750505,0.6579721778558913,0.04923681559410399,0.2866827205636577
0.5838481072630419,-0.6251190654172367,-0.5204029405068678,0.10835608742765941
-0.3116103656788981,0.419285490873484,-0.8525553469176592,0.22917539427770472
0.0,0.0,0.0,1.0
0.7435093942611826,0.6659063758484101,0.0556795769104621,0.2809024626497329
0.5929440735051448,-0.6182270628881623,-0.5211085889389862,0.10882133887261025
-0.3130880775481561,0.419809000728296,-0.8522966158641676,0.2326694045580177
0.0,0.0,0.0,1.0
0.7485645739178521,0.6608511961917407,0.04873655319999519,0.2652689287146553
0.5878932505116549,-0.6292414559593986,-0.5098143539532807,0.1075441152822702
-0.3084754586069336,0.41173881749628116,-0.8590601665758588,0.23901642385586008
0.0,0.0,0.0,1.0
0.7578472518447672,0.6497316953924208,0.043355874706409975,0.24494777441808083
0.582103076314048,-0.6473556741054989,-0.4900956705080727,0.1057083507718242
-0.29220375830266393,0.4003559452781751,-0.8709854903465877,0.24612385322372368
0.0,0.0,0.0,1.0
0.759538868701991,0.6464716966044479,0.03873185479237423,0.2283101386429025
0.5832794295982628,-0.6570721590167325,-0.4778572454350463,0.1039259200442679
-0.2841946478846472,0.38833460925493246,-0.8782432954100394,0.2512399417068926
0.0,0.0,0.0,1.0
0.7520693278137403,0.6555096194234478,0.02282097491274626,0.2163218901921335
0.5867138788705064,-0.6574003344661405,-0.47534721369539223,0.10189233437231998
-0.2968204031965864,0.37166772561311867,-0.8798616909264144,0.253327460898903
0.0,0.0,0.0,1.0
0.7428282918905331,0.6665861399128135,9.433220182647429e-05,0.2146436560996785
0.5876646241549813,-0.6561421828487939,-0.4755659827958633,0.10026185861096515
-0.316817101137538,0.35337221808347863,-0.879950328158815,0.25342391547301446
0.0,0.0,0.0,1.0
0.7440090018379278,0.6653624496554646,-0.015193694140619664,0.21989178309358362
0.5790419377377383,-0.6593356518271485,-0.4786601080918481,0.10002963535094246
-0.3270721590167325,0.34701428449114724,-0.8794157701095926,0.253321237891792
0.0,0.0,0.0,1.0
0.757392099218299,0.6496469367446819,-0.02282533157592597,0.21611449540238875
0.5602768235575357,-0.6684302797630051,-0.48483942891313203,0.09930688362240486
-0.3279415840465937,0.3544338117937721,-0.8770390359629809,0.25430836301407556
0.0,0.0,0.0,1.0
0.7712054614192283,0.6323840511243988,-0.030132955848600936,0.203830627335896
0.5422940755857519,-0.6803556035337339,-0.49039992214993416,0.09693906174050479
-0.3286532111502528,0.36125111834167467,-0.8735451939274266,0.2556159597073587
0.0,0.0,0.0,1.0
0.7719115879298646,0.631633605997562,-0.03879707885918747,0.19991463950673855
0.5398795780200939,-0.6852836696792665,-0.4894130934971004,0.09500577538686722
-0.33449756122026253,0.355456781857291,-0.8730052826532195,0.2554425535278602
0.0,0.0,0.0,1.0
0.7626025475567165,0.643852258515857,-0.0520171156941396,0.21018578405450394
0.5448834057848913,-0.683498198698734,-0.4865048196581996,0.09521763037513467
-0.3469035398359642,0.3426038858629626,-0.8740350916160075,0.25356311550815824
0.0,0.0,0.0,1.0
0.75269265942944,0.6537178280269333,-0.071385754240963,0.2261182728388094
0.5433649011056918,-0.6841267472053416,-0.4876232658533882,0.09646498743459178
-0.36537786554701623,0.32919579903695206,-0.8724210527628122,0.25082447653386725
0.0,0.0,0.0,1.0
0.7517633961211914,0.6511962296095819,-0.08589700770468703,0.2360641023135543
0.5365451233556615,-0.6894614270320392,-0.4894614270320391,0.09640785862562545
-0.37594132632088734,0.3223946212402912,-0.870539911274207,0.24821845177977253
0.0,0.0,0.0,1.0
0.7566804140723136,0.6439038158180939,-0.08712069796203585,0.2416864023368402
0.5340851052016337,-0.6934495234193538,-0.48995568138379975,0.09518725637333525
-0.3736738511551742,0.32381779715585923,-0.8700443186162004,0.2453345057250677
0.0,0.0,0.0,1.0
0.7610381805447062,0.6390088146839865,-0.07725379014471344,0.24486652776312245
0.5359605517208129,-0.6929139688083266,-0.49,0.09396946358945554
-0.36492405122679417,0.33112949438959904,-0.8700013383062462,0.24288940120943198
0.0,0.0,0.0,1.0
0.7677963780314128,0.6322492788910338,-0.0662847122514824,0.24439054895568618
0.5339934496122994,-0.6929582874245268,-0.49004431861620035,0.09238428010255205
-0.35633170748017495,0.34183280795366633,-0.87,0.24176348576786227
0.0,0.0,0.0,1.0
0.7749239148927176,0.6256159963814896,-0.05915148042075177,0.24231719822383135
0.5290185245721508,-0.694031076697269,-0.4905385729679609,0.09071159672268025
-0.352112444457771,0.3503045933863027,-0.87,0.2408445994134492
0.0,0.0,0.0,1.0
0.7735783169811783,0.628842735781634,-0.05816719204633364,0.2381406932203757
0.5288413974753878,-0.692328400611673,-0.49237673414661187,0.09024058540801719
-0.35516324769936025,0.35111428390841193,-0.87,0.2405242981027003
0.0,0.0,0.0,1.0
0.7669034035018877,0.6371316881141199,-0.05941710841583879,0.23354133374609018
0.533682164694766,-0.6893257945709459,-0.4934925037293081,0.09071785746644645
-0.35891883914533973,0.34645079115383504,-0.87,0.24062809084254722
0.0,0.0,0.0,1.0
0.7576689227758346,0.6453363598773849,-0.05887719714163174,0.24040861722604495
0.5429609640370193,-0.6835394989580006,-0.49049425435176064,0.09349065941927459
-0.35986570584515293,0.33870308840180224,-0.8700013383062462,0.23825245032870604
0.0,0.0,0.0,1.0
0.7496497496912509,0.6538954442361757,-0.055161909393114134,0.2552547096376633
0.5533568712682149,-0.6741790956590189,-0.48838328453431246,0.09815493084833588
-0.3594130934971004,0.3344395067631979,-0.8700456569224465,0.233689962405707
0.0,0.0,0.0,1.0
0.7487957405529413,0.6582432954100395,-0.05211110615152482,0.25873709110048615
0.5581976384875931,-0.670231302969166,-0.4885644375837755,0.10008597373819486
-0.35704037426922697,0.3361004045110092,-0.8705855681966536,0.23243570710162903
0.0,0.0,0.0,1.0
0.752469386297751,0.6569463838118418,-0.05628738886397469,0.2502080886456659
0.5568993885831492,-0.6752089046218068,-0.48434651286761754,0.09880079517691383
-0.3535921891561192,0.3332223717030032,-0.8730039443469735,0.23502611244225158
0.0,0.0,0.0,1.0
0.7564574826850659,0.6534955220862417,-0.0643908314838179,0.24274404445452227
0.5529112921958343,-0.6813882254430907,-0.47866278470434037,0.09758067375549448
-0.3536351694660733,0.3256575020511209,-0.8769490604243342,0.2363157697643692
0.0,0.0,0.0,1.0
0.7575776089309417,0.6523753958403657,-0.07147706808585591,0.23984286954134976
0.5494157701095927,-0.6850679189357289,-0.4761448594612861,0.09748464649647554
-0.35757894723718786,0.31969139169495886,-0.878828863606693,0.2353773751610836
0.0,0.0,0.0,1.0
0.758927210727258,0.6504872210760886,-0.0746984432270542,0.2379195073249182
0.5440794102322078,-0.6883389659181121,-0.4781685303525798,0.0970509681820217
-0.3617871510312199,0.32126646515693835,-0.8769490604243342,0.23453930327926803
0.0,0.0,0.0,1.0
0.764080748538454,0.6429139688083265,-0.07568794849238025,0.23565513216257522
0.5365504765806461,-0.6934495234193538,-0.48246537137901246,0.09525044635699856
-0.3632668957295681,0.3277172563107734,-0.8730039443469735,0.23455662184136467
0.0,0.0,0.0,1.0
0.7670860311916735,0.6359205897677922,-0.06990165287943509,0.2356456009458179
0.5335451939274266,-0.6940337533097612,-0.48694906042433406,0.09330246417457536
-0.35824195710379336,0.33596624669023867,-0.8705855681966536,0.23471515964673573
0.0,0.0,0.0,1.0
0.7695127789239113,0.6311171078889425,-0.056549138274399925,0.23657575099655592
0.5334951803418004,-0.6919324933804774,-0.4893687748809,0.09169956734888052
-0.34753195200849524,0.3469047418081337,-0.8700456569224465,0.23475140306399653
0.0,0.0,0.0,1.0
0.7776179126284035,0.6229689938744961,-0.04767997097024507,0.23557372867897564
0.5294197850283311,-0.6951995364780837,-0.4894157701095927,0.0905080288794044
-0.33655716811187675,0.3553239733767283,-0.8700013383062462,0.23472056810734881
0.0,0.0,0.0,1.0
0.7862668251578031,0.6161985462212095,-0.04673142421974451,0.23278608069151002
0.5236391843848118,-0.6993674365746538,-0.4876232658533882,0.0895553614918515
-0.33032495168210985,0.3573466477062171,-0.87,0.23435566677349928
0.0,0.0,0.0,1.0
0.7898075150540118,0.6147231692200026,-0.04588980158209161,0.23191355691455134
0.5218909987448077,-0.7011169605209042,-0.4865477999681538,0.08870487665277749
-0.3277311284857143,0.3570268438387273,-0.87,0.23274752516300853
0.0,0.0,0.0,1.0
0.7826783091759811,0.6222067766595974,-0.049244474316332096,0.24393357205918859
0.5271817016997461,-0.6974832767291153,-0.4899073478488609,0.08932401059824596
-0.33575063228077784,0.3531725635277416,-0.8700013383062462,0.22754335311529333
0.0,0.0,0.0,1.0
0.7607238772702392,0.6443896985879364,-0.06614372656540457,0.2685332854312207
0.5393687748809002,-0.6866444670380313,-0.4922313917973543,0.09260622088876425
-0.36138173932222456,0.33537899844289776,-0.8700469952286927,0.2182196089545575
0.0,0.0,0.0,1.0
0.7421776685245842,0.6632459902789551,-0.08526712089183322,0.2865228993054733
0.5491817905279346,-0.6814037776687192,-0.48573494372107284,0.09545652363278623
-0.3820278586569556,0.311993360784111,-0.8706312251191,0.21047443444261554
0.0,0.0,0.0,1.0
0.7467442998328806,0.6602060988976997,-0.08877053648147509,0.2853639120103335
0.5481519815651466,-0.6888857160915881,-0.47300394434697335,0.09411126178138159
-0.37647961558673343,0.3033390950297269,-0.8735908508498731,0.20976635961736162
0.0,0.0,0.0,1.0
0.7665528114486972,0.6399006563176302,-0.0706160146379129,0.27303150182929964
0.5404889011267761,-0.7018394994848971,-0.46180102320616084,0.09016436452766999
-0.34877785345926193,0.3149016346230117,-0.8799986616937538,0.21361152781605083
0.0,0.0,0.0,1.0
0.7846121408627047,0.6183474848680685,-0.0459761039464412,0.26317690545232086
0.5335411790086881,-0.7127753179902998,-0.45669012396047776,0.08758142867522287
-0.3166516476817415,0.3352433659818046,-0.8863634922276806,0.21621406891326161
0.0,0.0,0.0,1.0
0.793265557423322,0.6072743538508851,-0.03270653160438081,0.2588540680149065
0.5294157701095927,-0.7164051342313885,-0.4576742760008193,0.08712677306980232
-0.29872245013580445,0.3485545803275729,-0.8887832066842466,0.21635254925130876
0.0,0.0,0.0,1.0
0.7953739869623546,0.604131758685885,-0.03723137354093093,0.25488036262811264
0.5234522000318462,-0.716456486123261,-0.4600483335349388,0.08756888343233554
-0.3018990285822845,0.3487818683780004,-0.8869477221180879,0.21621732844174885
0.0,0.0,0.0,1.0
0.7980718632827024,0.5995097605669779,-0.049277119291565856,0.24926286740408726
0.5130522778819122,-0.7199516664650613,-0.4630079592657118,0.08851337761524027
-0.3123750540959245,0.34471365370824125,-0.8830026060407272,0.21700579530383246
0.0,0.0,0.0,1.0
0.8018771265698668,0.5941334387365723,-0.051608196515731244,0.24671211164639528
0.50476198724318,-0.7228639552227004,-0.46762326585338815,0.08997200040493773
-0.31573895863981133,0.3472663240134082,-0.880539911274207,0.21700975278789508
0.0,0.0,0.0,1.0
0.8038994591549142,0.5936794880822737,-0.04300795926571181,0.24894430591420275
0.5036808263885199,-0.7193714514933923,-0.4729596257307731,0.09087628792488467
-0.3130052826532195,0.35748763339229495,-0.8794600887257931,0.21498716611676028
0.0,0.0,0.0,1.0
0.8018328079536665,0.5975829621559263,-0.03606607948508797,0.25420942787342876
0.506998732265519,-0.7135895125436269,-0.47936743657465386,0.0910908684459579
-0.3118453418223611,0.36698218347808576,-0.8769973939592728,0.21177704379389017
0.0,0.0,0.0,1.0
0.7975346286209877,0.601881141488605,-0.04144943459116547,0.2618445190730098
0.5088758588353857,-0.7112154550095073,-0.48335687126821486,0.09163067388927335
-0.3172273586221925,0.3661308509522685,-0.873050939575666,0.20791549480317617
0.0,0.0,0.0,1.0
0.7930496012694199,0.6045293459677681,-0.060048333534938755,0.2707430074610088
0.5075346286209875,-0.7130536161881582,-0.48178715103121994,0.09264566313119543
-0.3300013383062461,0.352368704309135,-0.871171136393307,0.20345029026927447
0.0,0.0,0.0,1.0
0.7905855681966536,0.6054236588035393,-0.0792287857566271,0.2751694965997705
0.5060092270001929,-0.7170417125754731,-0.47748763339229494,0.09342679085080534
-0.34281829830025395,0.337628960822814,-0.873050939575666,0.20116106991536992
0.0,0.0,0.0,1.0
0.7899986616937539,0.6075359669272337,-0.0881116778676847,0.27487450155586546
0.5075789472371879,-0.7199986616937538,-0.47246537137901246,0.09391073574437311
-0.3487415646805385,0.3301342941548471,-0.8769947173467805,0.20124155942092325
0.0,0.0,0.0,1.0
0.7893701131871462,0.6095057456482394,-0.09003896539121573,0.2741965710693582
0.5094157701095927,-0.7229112921958343,-0.4676299573846189,0.09402853786049327
-0.35004431861620033,0.3240417831472382,-0.8793687748809,0.20086057162269266
0.0,0.0,0.0,1.0
0.7864064725376347,0.610589583115392,-0.09224694402298265,0.2734066202758445
0.5094171084158389,-0.7263164969989879,-0.46372782161721243,0.09361395636130485
-0.3518010232061608,0.31551764926092457,-0.879367436574654,0.19983852257807788
0.0,0.0,0.0,1.0
0.7799100244613533,0.6136808263885198,-0.10084999421957104,0.27229318885174814
0.5076246041596343,-0.7252380127568201,-0.46476332554942623,0.0926902516012663
-0.3596470730787585,0.30929133321094804,-0.8769477221180879,0.1996985384094452
0.0,0.0,0.0,1.0
0.7724653713790126,0.6211697980870609,-0.1119669657744368,0.27630858836952166
0.5065961335030926,-0.716949060424334,-0.4730522778819122,0.09168466944964052
-0.37457366458396835,0.30852427022039025,-0.872419714456566,0.19806501191605846
0.0,0.0,0.0,1.0
0.7652075663155606,0.6323727192278734,-0.1136212972911324,0.2850962450543828
0.5105842298904074,-0.7065947951968464,-0.48344952341935393,0.0916983670586814
-0.3881949618751007,0.3116637106943802,-0.8675816238496801,0.19364304446597824
0.0,0.0,0.0,1.0
0.7591071618045515,0.6427283227616073,-0.11035996019691349,0.29183526877801214
0.5164104874563732,-0.7012167933157534,-0.4893231179584536,0.09261402166473433
-0.39559797295373356,0.31304960126941983,-0.8630952581918663,0.18948962882352213
0.0,0.0,0.0,1.0
0.7587084416267869,0.645236674450574,-0.1065850853086821,0.29209134468437653
0.5188288636066931,-0.700092652151139,-0.49232840061167316,0.09276647669958028
-0.39527965476052807,0.31646183934824546,-0.8611268177771068,0.1883294756685036
0.0,0.0,0.0,1.0
0.761971117027252,0.6404915777392683,-0.1011268177771067,0.28645906493758366
0.5174876333922949,-0.7000026766124923,-0.49403241500351514,0.0916711363251842
-0.3881175202051488,0.32349384203555426,-0.8624653713790125,0.19012400385069123
0.0,0.0,0.0,1.0
0.7645306842740143,0.6365491382744,-0.09897955918093512,0.2782591388012934
0.5154223204972932,-0.7000013383062461,-0.49300394434697337,0.09112167800929674
-0.3825663951120697,0.32644945284758886,-0.863989434693561,0.19357744427812543
0.0,0.0,0.0,1.0
0.765378001881093,0.6370846928854274,-0.10135208403240545,0.27353427867552804
0.5145266693552758,-0.7000469952286925,-0.4935008753112262,0.09221753634890026
-0.3848502827311394,0.3262765350459673,-0.8623740575341197,0.19631092267717937
0.0,0.0,0.0,1.0
0.7669503987305804,0.6369947173467805,-0.10306213513811462,0.27179887011363935
0.511788489337466,-0.7006312251191,-0.4964991246887738,0.09312523394758361
-0.3888870543978342,0.32765906551963214,-0.8599543430775536,0.19870134374089626
0.0,0.0,0.0,1.0
0.7664991246887738,0.6353363598773849,-0.11557201950973045,0.26811304546782444
0.5063661688401728,-0.703590850849873,-0.4969960556530266,0.09294659008207541
-0.3984373130386771,0.3215640252675691,-0.857040374269227,0.20159201267822938
0.0,0.0,0.0,1.0
0.7635492088461651,0.634029738391023,-0.14384007742556504,0.263125980455504
0.49708469288542734,-0.7100013383062462,-0.4959622317715003,0.0926632864693199
-0.4173839330467455,0.3061102507332501,-0.8530536161881583,0.20430163569587292
0.0,0.0,0.0,1.0
0.7636835030010122,0.6299060095426148,-0.16073763858998855,0.2611955965680864
0.4871803633934999,-0.7164548060725734,-0.4974889716985411,0.09243129769915925
-0.427872345061042,0.30140511597496517,-0.8512154550095072,0.20579901386638555
0.0,0.0,0.0,1.0
0.7683014862011808,0.624705134758285,-0.15513852170641196,0.2580851884967052
0.4841321004303262,-0.7199543430775535,-0.49833460925493245,0.09217480622875976
-0.42222455289808536,0.30946826593130805,-0.8535921891561191,0.20725796993114629
0.0,0.0,0.0,1.0
