0.7523794016460957,0.5606776499042385,-0.34559484464336715,0.07517207814357195
0.5693108979654008,-0.2902806046369785,0.7686353388802789,-0.09696797663197462
0.3307693630769903,-0.7750004353538239,-0.5377411472579893,-0.6440107993457249
0.0,0.0,0.0,1.0
0.7444237219056689,0.5682372858538506,-0.34994975344644974,0.08670318282946779
0.5697030299045982,-0.2688094026283617,0.7759021675650847,-0.09351906774912766
0.3469683893080533,-0.7769978212906015,-0.5242167125675119,-0.6441653967664167
0.0,0.0,0.0,1.0
0.7304044585039614,0.5817194577390055,-0.3570114734875639,0.09962807051317221
0.579531740296799,-0.25264250523917553,0.774027303887873,-0.08813534201155523
0.3599188622968491,-0.7726337211555023,-0.5220121078021337,-0.6461875613604676
0.0,0.0,0.0,1.0
0.7239970395391548,0.5863126790293723,-0.36227876258212,0.10511883413732107
0.5889543297046524,-0.2532021604975968,0.766526022984377,-0.0847307836340864
0.3572768699553801,-0.7690369722813559,-0.5289772233098957,-0.649972149711037
0.0,0.0,0.0,1.0
0.7380569171632705,0.5718162428743763,-0.35536276924813825,0.10918090519262888
0.5731976682453015,-0.25583900894050887,0.7766384539933837,-0.08408873331981906
0.3522652560639635,-0.778564465926546,-0.5175556926878543,-0.6513342778162177
0.0,0.0,0.0,1.0
0.7575864649389428,0.554245855859014,-0.3417212575694348,0.12015319862536425
0.5496621128076844,-0.26225959089064993,0.7908305541081891,-0.0844167291220061
0.3477383810750162,-0.7889005287516389,-0.5042182887178135,-0.6475480490134313
0.0,0.0,0.0,1.0
0.7537915953924308,0.557322291577443,-0.34452180463871285,0.1302813382823947
0.5616259042267976,-0.27907215521325557,0.77529735213429,-0.0844482786910392
0.3345561015524401,-0.780928325050676,-0.5240456402296765,-0.6441901813876045
0.0,0.0,0.0,1.0
0.7391697387420955,0.5689806802284229,-0.35677512608978307,0.13545332413761163
0.5855089458647549,-0.286808581650322,0.754551803995635,-0.08397582615745952
0.3256273898976495,-0.7698916236223694,-0.5457868593618563,-0.643728276963218
0.0,0.0,0.0,1.0
0.7335167765184314,0.5777154705457885,-0.35478221706261226,0.13856750856499178
0.5863106841151899,-0.27824911264036645,0.7581112171985251,-0.08363634556159924
0.33817090383831516,-0.7664369285926071,-0.5435720948170877,-0.6433577424058605
0.0,0.0,0.0,1.0
0.7226336914077602,0.5910574669050244,-0.3542017959081367,0.13944128964324476
0.5918362319382697,-0.2681987207810976,0.7577872598311618,-0.08361204407333363
0.35187580012047254,-0.7595455382625784,-0.5451182313815915,-0.642127724563246
0.0,0.0,0.0,1.0
0.7283048439581662,0.583491948838655,-0.3508002448972266,0.14009264221670714
0.5815939315496841,-0.26288430526815476,0.7654271309815738,-0.0831006842581659
0.352325343862157,-0.7660904468250129,-0.5340755161494155,-0.63983910909168
0.0,0.0,0.0,1.0
0.7635370661999156,0.5475249372407707,-0.33288159053177024,0.1418206725583361
0.5389831666720847,-0.265691933947921,0.7944427671413837,-0.08212695978134935
0.34417393895361625,-0.7909910631421109,-0.5013080773387881,-0.6373552363656296
0.0,0.0,0.0,1.0
0.788711656488233,0.5233993061683397,-0.3179036061784435,0.1417417666247907
0.5073645173801473,-0.26804859240473955,0.8149148486688442,-0.08110848567903907
0.3394522236129659,-0.8071302968486793,-0.47790721029290995,-0.6365694844479914
0.0,0.0,0.0,1.0
0.7887633570696453,0.5279589041229855,-0.3105025880427842,0.14073468686277232
0.5038883916876606,-0.27070855141021044,0.8143038508875557,-0.07978871917687952
0.34312522017302394,-0.8021418188151515,-0.4800726105224248,-0.6365456705152625
0.0,0.0,0.0,1.0
0.7722391787248554,0.5486776145674654,-0.31672285103224707,0.14105743786860508
0.5279302153849428,-0.28042671218793547,0.7958874180916036,-0.07805660516175802
0.34552109865626357,-0.7845753997456928,-0.5068162096745714,-0.6355897861759858
0.0,0.0,0.0,1.0
0.7644931133965317,0.5567319719150399,-0.32384808251023417,0.14085550759093945
0.5367923172905174,-0.2731887121941785,0.7956646672765444,-0.07561689443924724
0.3537869003068306,-0.7829501575359907,-0.5078777912894121,-0.6351740119921231
0.0,0.0,0.0,1.0
0.767430802875136,0.550728143542,-0.3278666364541817,0.13688675600791206
0.5315463268153231,-0.26113510017303665,0.8050964151035578,-0.07270627660226117
0.35772836773338135,-0.7922690176069189,-0.4932045720265619,-0.6380883586517587
0.0,0.0,0.0,1.0
0.7675425497840912,0.5470008225553677,-0.3339136699111028,0.1293192731725087
0.5310159355804467,-0.25124061282467336,0.8089280379575926,-0.07049046167625364
0.35862082968161907,-0.7982964823923627,-0.48334566213770264,-0.6437989950351729
0.0,0.0,0.0,1.0
0.7674524970825853,0.5468330664388259,-0.33422842892407456,0.12195879143266779
0.5255586676405302,-0.23896893809109376,0.8158221006428164,-0.06910473917124857
0.36605737374267744,-0.8020556520211395,-0.47082293944928827,-0.6476516857672756
0.0,0.0,0.0,1.0
0.7748553166052132,0.5402755736037137,-0.32727412963094515,0.11712133789432223
0.5098685926406075,-0.2294478803179826,0.828346426558645,-0.06804456252974492
0.37218661097130606,-0.8090797347501675,-0.4534638458662323,-0.6487934412791845
0.0,0.0,0.0,1.0
0.7825937004661676,0.531751487967004,-0.32282098448368884,0.1154688739677403
0.5028259475911695,-0.23521301435513475,0.8312397207685684,-0.0670188898462525
0.3659085656983333,-0.8130490290077905,-0.4516920014499184,-0.648576749703923
0.0,0.0,0.0,1.0
0.7829871859480848,0.530800991260334,-0.32315343343131014,0.11745396554602759
0.5073007746839246,-0.2449607739324188,0.8254494500843239,-0.06568978465272901
0.35857108332306725,-0.8107598762232271,-0.4613571933267536,-0.6470313496779597
0.0,0.0,0.0,1.0
0.7887766666659612,0.52205371959758,-0.32150752692889123,0.12336178764112052
0.49849618069164625,-0.23904508089944415,0.8312704983308845,-0.0644727804161757
0.355940288508215,-0.8175915055033314,-0.4495524061235282,-0.6435159327710824
0.0,0.0,0.0,1.0
0.7950733052094676,0.5109742278752494,-0.32235217380935544,0.13382479728562097
0.4870324711142272,-0.22459350905832687,0.8413610469909185,-0.06431284492686552
0.3561145397698139,-0.8285226663189198,-0.42860354353327224,-0.6369719205263327
0.0,0.0,0.0,1.0
0.7858033656324215,0.5191941558088057,-0.3325468513769809,0.14565279243923857
0.5015540981529064,-0.2236391395801674,0.8337561877262862,-0.06482546389723307
0.35763890959634603,-0.824039336912944,-0.43711242738230155,-0.6298162186433209
0.0,0.0,0.0,1.0
0.7825015677145066,0.5261265957161876,-0.3312085263377092,0.15177724330048592
0.5095038716668743,-0.23759584138548007,0.8260999431272672,-0.06515956728300319
0.3559059383462666,-0.8160165175309979,-0.45449114614414465,-0.6273008960901706
0.0,0.0,0.0,1.0
0.7927974090881225,0.5201050391847742,-0.31603883470499394,0.1524630239801853
0.4976292870019061,-0.2555405767797711,0.8280136991062714,-0.06574734404791663
0.34994319245500016,-0.8145623384651193,-0.46182062666029056,-0.6278084951272306
0.0,0.0,0.0,1.0
0.7983058644825012,0.5196944485165556,-0.3026749571385813,0.1519871364456607
0.48930998558433303,-0.2687653733009032,0.8284126919011439,-0.06725285102745909
0.3487703262030374,-0.8104973563327689,-0.46909435723078785,-0.6281902704210203
0.0,0.0,0.0,1.0
0.7936875950414819,0.5271851944955278,-0.30224966770462147,0.15142927232231607
0.495820896217296,-0.2745353857930397,0.8222740883233902,-0.06955658372225706
0.34983856337248054,-0.8035320786234228,-0.4794336567464469,-0.6282174095343509
0.0,0.0,0.0,1.0
0.7908104141369816,0.5294539774862366,-0.3061813194878573,0.15016105127587456
0.5017283356346172,-0.2764583457148054,0.8176499320910582,-0.07180086882254784
0.3475226762432937,-0.8012165483854601,-0.4842103315289085,-0.6279064349262058
0.0,0.0,0.0,1.0
0.7910916014459609,0.5280870059666964,-0.3076282237155011,0.14966734273206284
0.504084158976335,-0.2807563287726714,0.8144556794901211,-0.07382124728722347
0.34289351171178417,-0.8005772244086186,-0.48822334755088637,-0.6263245775581209
0.0,0.0,0.0,1.0
0.7905221189312486,0.5300395296168283,-0.30547525175570256,0.15103553435087078
0.5005384519835173,-0.2742022001338767,0.8193244255908996,-0.07533980173327165
0.3498172995111518,-0.8017423039066501,-0.4821948029406002,-0.6243086326482599
0.0,0.0,0.0,1.0
0.7842398392995312,0.5369834061306881,-0.3098250483475643,0.15190872651401977
0.5059177305523532,-0.2655970199869768,0.8196844799795457,-0.07589584372048164
0.35751991464941313,-0.8002748824929222,-0.480180711451503,-0.6242558154582343
0.0,0.0,0.0,1.0
0.781036368280281,0.5403519978147417,-0.3124676504940771,0.1519726086325537
0.5097852820320767,-0.26337277449749436,0.8181177857152807,-0.07552310456794079
0.35953376856384034,-0.7987176301671015,-0.48126139561102393,-0.6245893181022855
0.0,0.0,0.0,1.0
0.7842713693385217,0.5388172897149068,-0.3059520633049059,0.15341824136248255
0.5012978235013442,-0.26181991521744297,0.8225294126695042,-0.07429604947713035
0.36225244217048624,-0.7998531465845089,-0.47564740954015716,-0.6228274622552399
0.0,0.0,0.0,1.0
0.7845496822839397,0.5378879880976614,-0.30368396208101167,0.156642219611627
0.49571558543731625,-0.2549484262938798,0.8256877466421695,-0.07288053561359109
0.36461806549816256,-0.8020693197009423,-0.4675210838165277,-0.6188971089945499
0.0,0.0,0.0,1.0
0.7848985023225986,0.5347087953274643,-0.30353550156101533,0.15911044801332802
0.4936029923380375,-0.2518731014784952,0.8254160474022523,-0.07218454026975438
0.3612967001614511,-0.8041751228946117,-0.463788191315234,-0.6152852944404712
0.0,0.0,0.0,1.0
0.7930420376268765,0.5296067947875597,-0.2893725347776883,0.16083005726117228
0.4755066866120645,-0.24881777499567098,0.8369339346504612,-0.07223147085976855
0.3673287968838203,-0.807654250400923,-0.4519474984792978,-0.6123241464932581
0.0,0.0,0.0,1.0
0.7912428403124332,0.536157463770332,-0.2852062007194329,0.1642337754891445
0.4744845580918695,-0.24783850422770953,0.8398539798345999,-0.07261286177698038
0.3766447537763172,-0.8037949020507247,-0.45267201570390525,-0.6090213808359215
0.0,0.0,0.0,1.0
0.7883645905533849,0.5362231291557377,-0.2957944678550839,0.16790541715131185
0.48450211354607076,-0.24790245464504607,0.8351417033005839,-0.07300580978431213
0.3723111542423886,-0.8046697982586112,-0.45649586750108395,-0.6073083408157687
0.0,0.0,0.0,1.0
0.7852168691992478,0.5345588207211912,-0.3089936920638119,0.1701993391499694
0.5007477808631607,-0.25759594116803874,0.8236501506868854,-0.07326796514438683
0.35925501098057006,-0.8036908777737215,-0.47074354566752935,-0.6074680175169045
0.0,0.0,0.0,1.0
0.7876314943400304,0.5319016864365129,-0.30922246690858735,0.17228193119295543
0.5026636273881538,-0.2660889593476658,0.821423203730275,-0.07350195451014888
0.354073918762438,-0.8034061031520134,-0.4774133544124917,-0.607550684139339
0.0,0.0,0.0,1.0
0.7880049306258775,0.5342678872599387,-0.3050261780902745,0.17465676319215626
0.500204781949372,-0.2674146111763717,0.8230769162272391,-0.07363153973777878
0.3578887486670057,-0.8015938874113927,-0.4782014653349401,-0.607949276767801
0.0,0.0,0.0,1.0
0.7869547544870747,0.5360262754431643,-0.304640134337437,0.174267987335877
0.4997069191807584,-0.26454626030590017,0.8241037062959753,-0.07316728554995713
0.3607471793582103,-0.8012377586919672,-0.47626879503542696,-0.6116426394544249
0.0,0.0,0.0,1.0
0.7938009000655006,0.5270815777636937,-0.30249986130330253,0.16977227288867675
0.4902654671493951,-0.2608647926808529,0.8309058480699096,-0.07203968456118395
0.35870152482961837,-0.8083065606247654,-0.4657263933573652,-0.6194776170397053
0.0,0.0,0.0,1.0
0.7987557424426879,0.5202579841296495,-0.3012079951494,0.1658491651916507
0.48761856243214385,-0.2677151719136086,0.8303970125612947,-0.07069258150751825
0.35132074391409324,-0.8105376097760729,-0.4678897455136467,-0.6272269051059634
0.0,0.0,0.0,1.0
0.7916301997186365,0.5271536116337119,-0.30634032539522466,0.1668271343985328
0.5000925002570917,-0.2739460423360356,0.8205466388169738,-0.0699476377903494
0.3486158770227311,-0.8037309351716924,-0.48153201360410697,-0.6298593892950257
0.0,0.0,0.0,1.0
0.7763473749308296,0.544285732160569,-0.3151718712432229,0.170724247690289
0.5189104891016418,-0.27112121126657523,0.8094570623333868,-0.06999163547127278
0.3550395241098443,-0.7930699346532264,-0.4939614646774489,-0.6284511185136297
0.0,0.0,0.0,1.0
0.7700279997267863,0.5539391345820222,-0.3149944160171154,0.17430855769198333
0.5283744239198753,-0.27878522406821704,0.7999212337564335,-0.07046929223861839
0.35480371058279936,-0.7833783508164756,-0.5077478477688075,-0.6263083689058722
0.0,0.0,0.0,1.0
0.7731488027558719,0.5515018571608044,-0.311101553998566,0.17687062723243271
0.52686675173164,-0.287237135845712,0.7965050212676547,-0.07147415215488609
0.34853268592990194,-0.7813251238893149,-0.5129875044123243,-0.6243532535745868
0.0,0.0,0.0,1.0
0.7759172824935878,0.5469448113965787,-0.31127526409630757,0.1788892876180745
0.5206576444056485,-0.27873504692883294,0.8031842122396842,-0.07307481898464019
0.35074085576459646,-0.7874155638742348,-0.5016685696129556,-0.6225138224400306
0.0,0.0,0.0,1.0
0.7708867860383231,0.5499859995617852,-0.31871988118641187,0.18106908830763535
0.5274001374375817,-0.27215828610737014,0.8022450065625977,-0.07462926632737313
0.3531374671192957,-0.7882335252122592,-0.5004622147346491,-0.6201006177836953
0.0,0.0,0.0,1.0
0.7744721590763798,0.544937672271633,-0.3198344653845657,0.18295176005179356
0.5205718434487094,-0.26256501583599157,0.8109438823590145,-0.07590744112642561
0.3571398380385399,-0.7955080372695762,-0.4873307871714616,-0.6179500909372776
0.0,0.0,0.0,1.0
0.7840264439451501,0.5352954555000936,-0.31319559783385853,0.18327656643678295
0.5016468304856834,-0.2500622432826339,0.8270067707508522,-0.07771788353669111
0.3637795401990434,-0.8062961628138112,-0.46477570425787285,-0.6179526895726881
0.0,0.0,0.0,1.0
0.7813475591719574,0.5375798556374016,-0.3148918156964596,0.18202271661814562
0.5050417320366408,-0.24998948949658065,0.823988463060777,-0.08015908574697066
0.36312890601587533,-0.8044049093746652,-0.4672622303115198,-0.6199609386850995
0.0,0.0,0.0,1.0
0.7624955078235086,0.5563968150589332,-0.32748393858869873,0.1797678836697772
0.5363966369201774,-0.26293282208486657,0.7992938780628167,-0.0817950332045994
0.3572979413160122,-0.7869149336291682,-0.4995714657491226,-0.6230724878637851
0.0,0.0,0.0,1.0
0.7494640989440557,0.5711990686974183,-0.33202062524614495,0.17644537873249003
0.5564575599344876,-0.27442186855109163,0.7809889194312022,-0.08200276050526335
0.35363841491616776,-0.7719153178678981,-0.5241620272544836,-0.6267544186646105
0.0,0.0,0.0,1.0
0.7650195315774394,0.5563610347463885,-0.3163854920338598,0.1725654196303935
0.5306072938933984,-0.2724790431481747,0.7944021114255593,-0.08118869201279277
0.3517195117741456,-0.7810988005130581,-0.5055521416689888,-0.6299864026906162
0.0,0.0,0.0,1.0
0.8007004023101096,0.5182316067660689,-0.291448126538548,0.16732196047044157
0.4730305230251409,-0.25510940119371694,0.8354719576707436,-0.07975367360690058
0.354323771703933,-0.8123511918455959,-0.4513648073781859,-0.6335642282762111
0.0,0.0,0.0,1.0
0.8163504293987689,0.5001273808036368,-0.28490880014113174,0.15979906043166295
0.4554468864653475,-0.25725134903240277,0.8491042744892752,-0.07820699806284612
0.34960668770794867,-0.824967160988869,-0.4385725852248626,-0.638882656845969
0.0,0.0,0.0,1.0
0.8110995379115804,0.5065047319408693,-0.28934957485968976,0.15256948443069163
0.4687301597651839,-0.26831752501730466,0.839352267949641,-0.07702339321298644
0.34613028467191,-0.8177391090308975,-0.4557417008764053,-0.6438274436977901
0.0,0.0,0.0,1.0
0.8193226198804149,0.4941148270248543,-0.2845794999262926,0.14903308002232002
0.4522345370592934,-0.2535750111004538,0.8505438887731218,-0.07607104946448345
0.3453205441663688,-0.828075715511869,-0.4324847306367352,-0.6453043760228152
0.0,0.0,0.0,1.0
0.8347808912245905,0.46846497676712495,-0.2817347142658494,0.14739641959845262
0.4272595573933786,-0.23253493719607632,0.8685936818142546,-0.0747716613064906
0.33827210147612186,-0.84848917602748,-0.395698024129548,-0.6450460915393099
0.0,0.0,0.0,1.0
0.8217456959941545,0.48174950506026815,-0.2956957979634688,0.14640873800084497
0.4506278506461239,-0.2390420218537006,0.8560264350417748,-0.0729447865257874
0.3391297999402453,-0.8394436938946161,-0.41558411518000166,-0.6443714940212869
0.0,0.0,0.0,1.0
0.7939363464302331,0.5201356930675247,-0.3088719843835114,0.1464045131572989
0.48915052636942846,-0.2499868095418063,0.8335858008695043,-0.07081859538221325
0.35509321969743,-0.814214452392647,-0.4545048435482383,-0.6431277724794451
0.0,0.0,0.0,1.0
0.7895071404919296,0.5289827977503443,-0.3083012329118313,0.14516737377952044
0.493778861000516,-0.2517908763934591,0.8306737468688632,-0.0688913176631988
0.36093712305093395,-0.8091230689842177,-0.46075547247791365,-0.6431111126419948
0.0,0.0,0.0,1.0
0.8075454192126759,0.5087645964977673,-0.2957549497561182,0.14214430448878906
0.46669342884280907,-0.24690236446116792,0.847448196836887,-0.06686316404472456
0.3573294027146464,-0.8235769205733474,-0.43756279116962893,-0.6445087854321363
0.0,0.0,0.0,1.0
0.8247846449514029,0.4883322645131959,-0.2838814884402362,0.14144738579648192
0.43939990067812873,-0.2388650537349804,0.8646610571930726,-0.06437814575090711
0.35410948982383794,-0.8383779276179311,-0.4119080257839016,-0.6448708793258138
0.0,0.0,0.0,1.0
0.8315620452199255,0.47861547060944,-0.2812678697035462,0.14292518379130584
0.42411335043078,-0.22085740142413984,0.8773976498368339,-0.061858173135969224
0.35770068477088435,-0.8490606858111107,-0.3867648787067913,-0.6449345366046639
0.0,0.0,0.0,1.0
0.8279377639942759,0.48133201451567476,-0.28654398881871934,0.143490169951503
0.4262939217403807,-0.2092121613859324,0.8795929588996638,-0.06014369018776932
0.36324740867222716,-0.8506852541228289,-0.37874782889088165,-0.6454763202410492
0.0,0.0,0.0,1.0
0.8201254328891457,0.49029141930412684,-0.2930268971010084,0.1467919063550942
0.43984536567511245,-0.21431639609078013,0.8713369244391606,-0.060046274478071496
0.3639780203259408,-0.8440776067800657,-0.39194694603199937,-0.6433518130363653
0.0,0.0,0.0,1.0
0.8133960947931941,0.4968084449405298,-0.29979373901890294,0.15403408185729905
0.4578890638651041,-0.23137186919109393,0.8564708634733773,-0.06136286739568724
0.35508398545730796,-0.8353214343757915,-0.4163590413290932,-0.6386786772944366
0.0,0.0,0.0,1.0
0.8054271162658893,0.506445720974594,-0.3050179557737478,0.16117180009396057
0.47344064031461575,-0.24270677472785257,0.8444442623782097,-0.06293099949109734
0.35236424954285994,-0.8263145664145897,-0.43588128122458064,-0.6349146912791677
0.0,0.0,0.0,1.0
0.8031305015642269,0.5123033366649892,-0.3023234077359124,0.1633038098426684
0.4698421937725321,-0.23449887546132192,0.8494662474894923,-0.06377704116016338
0.36352693162675936,-0.8254822678080733,-0.4294228069116902,-0.635195271867336
0.0,0.0,0.0,1.0
0.7987832179640366,0.5186833565860871,-0.303888964891289,0.16391847974569446
0.47136501715281054,-0.2265923864900505,0.8517230917026832,-0.06420791932073709
0.3726499127796425,-0.824093830533407,-0.4257400547539165,-0.6354600179748331
0.0,0.0,0.0,1.0
0.7917173877598755,0.5263238935155623,-0.3094972461436533,0.1656688554373686
0.48414722227040674,-0.23201942664747363,0.8432169400949959,-0.06438276153500783
0.3717657827639253,-0.8177413099938642,-0.43867266894848256,-0.6344496758180629
0.0,0.0,0.0,1.0
0.7836821412781042,0.535223761996279,-0.3137071031224498,0.1677517640169032
0.4996067494313826,-0.24376703488974005,0.8303743596285389,-0.06420719425759258
0.3674232211210531,-0.8081504368986647,-0.45888243096542825,-0.6342935385338357
0.0,0.0,0.0,1.0
0.7835507838593615,0.5350208835453815,-0.31257114126758356,0.16880427909774726
0.5028812139732971,-0.25266816427017846,0.8252057109628883,-0.063747815045954
0.36160370921607293,-0.8050749955043439,-0.46811961980144756,-0.6355334705634039
0.0,0.0,0.0,1.0
0.7978561942825741,0.5183569832957597,-0.3043430426704901,0.16718846727882397
0.4841147798058195,-0.2526271246466394,0.8364393244327522,-0.06293370621368419
0.355876702429914,-0.8159026211186279,-0.45363373286644826,-0.6386743410842419
0.0,0.0,0.0,1.0
0.8018827703426055,0.514561259236422,-0.301859202387534,0.1640757115467274
0.4746450855396598,-0.24424723449007338,0.8448616141035162,-0.062000141068986
0.3608628450029917,-0.8211262891754307,-0.4407224745731916,-0.6426301430830034
0.0,0.0,0.0,1.0
0.792181534183073,0.5254775824128923,-0.30913094613517145,0.16200930847222386
0.48620504497801353,-0.24018543322602337,0.8390306834018139,-0.0613169556618319
0.3664914274940769,-0.8153261769224305,-0.44606633581815003,-0.6453424837468014
0.0,0.0,0.0,1.0
0.7850566986187324,0.5285912403642212,-0.3220101553526953,0.16120322093257392
0.5090445933218928,-0.25752546015035893,0.8194234905868047,-0.060986637375769454
0.3497222786502314,-0.8079106765816924,-0.47119397237872856,-0.6467203732997666
0.0,0.0,0.0,1.0
0.7854197594805685,0.5224896546560285,-0.33079347138704024,0.16114628734410688
0.5208510844811394,-0.27120647340171744,0.8076430046702685,-0.06083801942185069
0.33158628671018986,-0.8074991293904208,-0.4851556747424804,-0.6472960779939436
0.0,0.0,0.0,1.0
0.7932172296816987,0.5143207789612921,-0.324782281105768,0.15806344205006825
0.5067403975772738,-0.2634210100779246,0.8193601212306002,-0.06060493741467467
0.33522689764328906,-0.8154569307594169,-0.46962009677689476,-0.6497847431737249
0.0,0.0,0.0,1.0
0.796900588598459,0.5141381519880381,-0.31601540981334053,0.15114303575522448
0.4951014475552531,-0.2574407797166144,0.8288428503806853,-0.06030256901027115
0.3443653924475188,-0.8177465993730736,-0.45980583480519455,-0.6549121511612962
0.0,0.0,0.0,1.0
0.7972768885907755,0.5138231663029615,-0.31504155963052427,0.1470633086295326
0.492876832543208,-0.2543122826944272,0.8307543531538106,-0.06035518189650025
0.3460078418234218,-0.8186913722757017,-0.4563518073825656,-0.6578046317753945
0.0,0.0,0.0,1.0
0.7995618246376415,0.5106060873464792,-0.31394358610689443,0.14757189928536474
0.4867633861764771,-0.24638659375629374,0.8365538503387954,-0.06090110302645178
0.3488970959963449,-0.8229320653167955,-0.44613422207027814,-0.6569653141289102
0.0,0.0,0.0,1.0
0.7978438640808233,0.5138798657786261,-0.3131057003727489,0.14997689016744015
0.4879372320415383,-0.24717702290613908,0.8358579778379418,-0.06177639994764506
0.3514439107115104,-0.8207624319852473,-0.448561549542962,-0.6548624110931203
0.0,0.0,0.0,1.0
0.7969809486100154,0.51582753694336,-0.31262631259292784,0.1514860333901472
0.4922783579837536,-0.2571467884983478,0.8300688429661377,-0.06247012059273481
0.3472254981666576,-0.81639474105544,-0.4592769204728038,-0.6537929914370428
0.0,0.0,0.0,1.0
0.7905308052020148,0.5232540111916417,-0.3170139338969285,0.15128420993679004
0.5006595498465884,-0.2574056379736041,0.8246369548419876,-0.06284622120052794
0.34959031961875286,-0.8111910668377595,-0.4657537071290593,-0.6540777276347485
0.0,0.0,0.0,1.0
0.784141252637494,0.5314543255390466,-0.3195140310527703,0.15047769952181633
0.5001521782889882,-0.2393318433244693,0.8307339412948623,-0.06323440096557457
0.36493956216093426,-0.8114981201931883,-0.45373812158382426,-0.6548221663957116
0.0,0.0,0.0,1.0
0.7906599102390368,0.5241915080788352,-0.3146123035003484,0.14998005173400575
0.48717636200983855,-0.22974261497055032,0.8415984689644318,-0.06329442185734704
0.36869359324141016,-0.8193265575274002,-0.4376317084381717,-0.65533253016936
0.0,0.0,0.0,1.0
0.8015275755540736,0.5118228086728517,-0.3073349059531484,0.15302505926997795
0.47015689504083613,-0.22405287504348737,0.8528432471046041,-0.06219556841550669
0.36754895323067704,-0.8287436712219174,-0.42090278283438126,-0.6529871408307326
0.0,0.0,0.0,1.0
0.8025624098098691,0.5087118184076183,-0.3094224363133936,0.16394267792048153
0.4651323456105434,-0.21112797777304815,0.8587988944997069,-0.05935341431032397
0.37138898326750724,-0.833971853518615,-0.40681169342224455,-0.6444880150713048
0.0,0.0,0.0,1.0
0.8090227687865401,0.4968959381507222,-0.30887748110346824,0.17978902402074518
0.4567853931320286,-0.20483761706813905,0.8638963958970678,-0.05568586357666627
0.36500001272882293,-0.8420212788203525,-0.3943234941303704,-0.6328934228355343
0.0,0.0,0.0,1.0
0.8195467933660581,0.4833526960024183,-0.30125441771576655,0.19191096842495775
0.4434889806265355,-0.20701136614240426,0.8697372681777071,-0.052759976137406406
0.3565764395234521,-0.8489441396247577,-0.38605651718550904,-0.6248963114218684
0.0,0.0,0.0,1.0
0.8084137431681391,0.49907360062948647,-0.3070003293548408,0.19863580355037053
0.45785277788787365,-0.2093045284607174,0.8622380244600099,-0.05124803099270735
0.36504312292943186,-0.8393517744110284,-0.39937048247225027,-0.6209847299890363
0.0,0.0,0.0,1.0
0.7946982308868451,0.5177915718357035,-0.3142120786966903,0.20210887519626008
0.47413743253294205,-0.2087563387524717,0.8544738506443343,-0.05080341266234921
0.376587961368165,-0.8286336400633638,-0.41232863581833307,-0.6198089995505277
0.0,0.0,0.0,1.0
0.8027813233113675,0.5079113028437918,-0.3083197998472731,0.20179015187339666
0.4662359546471539,-0.21624389399291688,0.8569443736754372,-0.050724532484482165
0.36825673252144714,-0.8324150050488024,-0.41182636245937476,-0.6217437766481196
0.0,0.0,0.0,1.0
0.8189438871303529,0.4883740334288882,-0.2969648530164553,0.19983089534314843
0.445709712137681,-0.2197944274869682,0.8669777197149395,-0.05088192659884852
0.3577185506709022,-0.8430917930611468,-0.3990397026572113,-0.6248384752505343
0.0,0.0,0.0,1.0
0.824563219353649,0.4856232830365694,-0.2872879988883951,0.1988044630936454
0.43059577205655103,-0.21249111704186185,0.8765487336765438,-0.05115962157989991
0.36433505120961807,-0.8470222254199831,-0.3851440239831605,-0.6271983193426567
0.0,0.0,0.0,1.0
0.8329136543449733,0.47902436299185813,-0.2747606265906605,0.19844092370314798
0.4115658353727595,-0.20623394818239643,0.8867678062733242,-0.051347649788425445
0.3676070250155239,-0.8525391167965077,-0.36952511850127834,-0.6288574560363938
0.0,0.0,0.0,1.0
0.8394765385749398,0.47225310389363373,-0.2669514243010192,0.1982928009632797
0.40172624924337974,-0.20975666762206002,0.8899531010608714,-0.051603212583041735
0.363513217143873,-0.8553150356236352,-0.36617747933101213,-0.6304875187879195
0.0,0.0,0.0,1.0
0.830846175491995,0.48258615078327227,-0.2750900478066066,0.19859888468640416
0.42148538459619717,-0.22420624292019795,0.87710839331883,-0.051889302378209656
0.36076951314071093,-0.8457594216982618,-0.3901386858003082,-0.632215097073751
0.0,0.0,0.0,1.0
0.819348700981571,0.49493117686318844,-0.28786182789857184,0.19923161370251308
0.4422852862896104,-0.22714016403255177,0.8667594374711303,-0.05191114905758668
0.363200170793218,-0.8381227072076054,-0.40539835596078583,-0.6335016164640334
0.0,0.0,0.0,1.0
0.813227867604563,0.49922938348600443,-0.29743227368797087,0.19979883987278474
0.45153953081409737,-0.21970698844946604,0.8639150783428745,-0.05169947507173513
0.36546237822990363,-0.8375598163795006,-0.4045090383033868,-0.6343797502177515
0.0,0.0,0.0,1.0
0.8099031231046567,0.49942930213727965,-0.30570521753005764,0.1995835624730528
0.4593180368228288,-0.21676542580792177,0.8605129807877274,-0.05134165785949642
0.36288545748024426,-0.838106981179743,-0.4054344307621117,-0.6357215361223962
0.0,0.0,0.0,1.0
0.8138257467191348,0.49114962457262945,-0.3089615004762522,0.19702861820974094
0.4586109563593751,-0.2170627388121718,0.8609526570871529,-0.05048996002610599
0.35525207517735413,-0.8429048108721044,-0.402288515993641,-0.6387968792066889
0.0,0.0,0.0,1.0
0.811355149412448,0.4931534953952218,-0.3122206790177027,0.19247752828703565
0.4673429889238653,-0.22691060084720988,0.8534810121067156,-0.049035134853342335
0.3493975961555251,-0.8389693706494976,-0.41494427911167797,-0.6431502901446067
0.0,0.0,0.0,1.0
0.8013172877378364,0.5072382616219802,-0.3158001990675726,0.18907841559555838
0.4836833840276684,-0.2390360265160575,0.841177973674228,-0.047786558149677055
0.35065807429164797,-0.8272638323624473,-0.4372067811614642,-0.6462451561436607
0.0,0.0,0.0,1.0
0.7968210811298861,0.5142881137873956,-0.3161653554907581,0.18779793020917684
0.4882499322989474,-0.24044021700635956,0.8384842235876453,-0.047012788964481564
0.3549718566595589,-0.8228036369536875,-0.44299658320265434,-0.6470525010407846
0.0,0.0,0.0,1.0
0.7905544653470659,0.5211186941834859,-0.3193126497961738,0.18739912790811447
0.49336922163042163,-0.23515037001343628,0.8367988089345638,-0.04657859572899328
0.36073546738933493,-0.819705847963806,-0.4438857071767549,-0.6467795579249981
0.0,0.0,0.0,1.0
0.7887658606583231,0.5200544983271127,-0.32305795082316535,0.1862622222786371
0.49372231131654776,-0.2264696410350766,0.8384660690935049,-0.04653298352470944
0.36216594520142203,-0.8220406695999551,-0.4370185260530177,-0.6473011013468338
0.0,0.0,0.0,1.0
0.8016953290691351,0.5040040954133176,-0.3166202773588226,0.18276631232333598
0.47540398932319783,-0.22040490860219641,0.8504005431223092,-0.04681053228326327
0.35792047814115036,-0.8335762923182501,-0.41772149328357244,-0.6495251218692982
0.0,0.0,0.0,1.0
0.8099164355015633,0.5009988434930386,-0.30248090287198137,0.1767952455676749
0.4535782322408113,-0.21107071291598306,0.8644701838674858,-0.047936804982588954
0.3685631582929463,-0.8383936467450936,-0.3985322780795446,-0.6523954181581327
0.0,0.0,0.0,1.0
0.814969689270784,0.5032978915589419,-0.28604500783867104,0.17151293826138914
0.43049646049236556,-0.19714674948212543,0.8796539177334528,-0.05023659190786312
0.38584636157320684,-0.8408182320755606,-0.3773512367836127,-0.6532521021017847
0.0,0.0,0.0,1.0
0.8210182082236603,0.49852439268698,-0.27744598408814924,0.16868236055280778
0.41669531052829856,-0.19176294322909831,0.8881268031312495,-0.05172434428930604
0.38935229782804015,-0.8450888472177165,-0.36530615586953613,-0.6519658503071477
0.0,0.0,0.0,1.0
0.8203369961886895,0.49762515984722044,-0.28036928844330533,0.1672027951644305
0.41837090369858865,-0.18890516553970843,0.8879146372745649,-0.05198430412428784
0.3886485888335388,-0.8461590549358051,-0.3635619592426622,-0.6500676798761731
0.0,0.0,0.0,1.0
0.8078614112311268,0.510230735791152,-0.2928363194638901,0.16441560404326083
0.43884835623956586,-0.19043115418508713,0.8771138846393121,-0.051568812897720764
0.3911923136312412,-0.8380389355134326,-0.3783361927526495,-0.6494618948910065
0.0,0.0,0.0,1.0
0.7993023787689515,0.5171358954025752,-0.30439613074888655,0.1604210408657472
0.4596219217030718,-0.2009394536228051,0.8641467454907177,-0.0507958630004474
0.3851968943893146,-0.8313120661862761,-0.3987023241793435,-0.6500827110410041
0.0,0.0,0.0,1.0
0.8035404723457789,0.5085461972909906,-0.30807490169254353,0.1607520308035398
0.4650445178697223,-0.21453031509865422,0.8579884236990659,-0.05093994199054238
0.3698254250021315,-0.8331922687993722,-0.40916109985443216,-0.6472712352820484
0.0,0.0,0.0,1.0
0.8049031801243689,0.5033441513289536,-0.3131053297929879,0.16529772341852061
0.4753274558776169,-0.2327658442180726,0.8467432440016801,-0.05204141702239011
0.35257496784163345,-0.8313281135245302,-0.42668704321466394,-0.6414911568780965
0.0,0.0,0.0,1.0
0.8046995237570007,0.5003110916834645,-0.317416460581831,0.16867155235291734
0.48056257507945915,-0.23760390781064855,0.8411941097763482,-0.05291012812069046
0.3439840400155101,-0.8312820362383994,-0.43187612877925485,-0.638243331056823
0.0,0.0,0.0,1.0
0.804565573009343,0.4994988955895097,-0.31784356366297845,0.17046808921220352
0.4754516011988357,-0.22423566340118417,0.8473246544824096,-0.0532133340431265
0.35018637878278425,-0.8352312939092699,-0.418569783265569,-0.6379109836445539
0.0,0.0,0.0,1.0
0.7914989258429651,0.5137179987056149,-0.3281444960635924,0.17259453046222034
0.4942141031480576,-0.22438530281073094,0.8375925181965296,-0.05319729186837051
0.3553299836136278,-0.8270138449623525,-0.4322252239598048,-0.6378143107080615
0.0,0.0,0.0,1.0
0.7786955652056224,0.5286391075145671,-0.33660247734080295,0.17629361636536628
0.5157713498634824,-0.2347877259254319,0.8230455718501266,-0.052712909102716365
0.3555490786281298,-0.8152489555088962,-0.4558199755480893,-0.6363044532754301
0.0,0.0,0.0,1.0
0.7795141017129563,0.5306443666530145,-0.33121278354836614,0.18076977762886737
0.5125654762223087,-0.23770477227070724,0.8241482073001123,-0.0514823648477747
0.3580936984402533,-0.8131083105277644,-0.4577466299090779,-0.6335201868276412
0.0,0.0,0.0,1.0
0.7883562907221962,0.52223023057186,-0.3219368420297665,0.18273784238903368
0.4937199788759123,-0.227591905874227,0.8376869130568234,-0.04961900289026296
0.3634836317397019,-0.8209699111814106,-0.43836680790029614,-0.6311435585940415
0.0,0.0,0.0,1.0
0.7776624421300635,0.5297694374594726,-0.33087066311081936,0.18062834371455716
0.5004083495390031,-0.20968581273416703,0.8371118002306019,-0.04822232981168975
0.37306235604071675,-0.8200823271002509,-0.43109285881778264,-0.6309239505989377
0.0,0.0,0.0,1.0
0.757316378673873,0.5471544715917376,-0.34793422950690944,0.1731440730465713
0.5234846941791497,-0.19690635385247693,0.8256273577112057,-0.04802818344344889
0.38177531812349086,-0.8115517841777058,-0.4389027855813048,-0.6339313385559988
0.0,0.0,0.0,1.0
0.7723026316139392,0.5319079051598586,-0.33882497615014323,0.16729584203329326
0.5030816989335404,-0.1926432714508112,0.8392911973428425,-0.048120216395848806
0.3793901382602861,-0.8225422014576065,-0.41944274454528957,-0.6323487148086883
0.0,0.0,0.0,1.0
0.7999603550866261,0.5060151749476458,-0.3169179136079747,0.1749714756308116
0.4630524477337209,-0.1889105792392231,0.864197986031447,-0.04835559040917782
0.3763760940681581,-0.8401859174743354,-0.3872377633453708,-0.618285839704411
0.0,0.0,0.0,1.0
0.8092923940717426,0.4999976804186599,-0.30557822740521656,0.18590507368133502
0.4463172764909197,-0.18759655647325987,0.8744064812010268,-0.050183357794819916
0.37959850784820814,-0.8446346736105447,-0.375839565474948,-0.605047625597285
0.0,0.0,0.0,1.0
0.8147118807623854,0.4958825525604183,-0.2991149366925853,0.18416243269545646
0.43985645964523723,-0.1938274565595871,0.8762166221543941,-0.05341043849876918
0.3764204262626665,-0.8456856120444369,-0.376486052542931,-0.6034588754646328
0.0,0.0,0.0,1.0
0.8155576784163497,0.49830402429393184,-0.2932614572807596,0.1670303742463074
0.4438130962934146,-0.21388448650360675,0.8683360159059657,-0.05437863362049759
0.36981747643523244,-0.8385905541189963,-0.3957063923743004,-0.6125342441733976
0.0,0.0,0.0,1.0
0.8130125965223018,0.5082237141497171,-0.2828554619875173,0.14268359978318224
0.45413972946741277,-0.25016795642548,0.853019090925685,-0.05261815002153887
0.3628526219998543,-0.8223877547874128,-0.4342549026193606,-0.6253939613154511
0.0,0.0,0.0,1.0
0.8179529510744443,0.5078543992526909,-0.26884155792795683,0.12394566103230076
0.4477427972342252,-0.26953866021479467,0.8516366858546339,-0.04983845095692893
0.3600807063307535,-0.8174107216151179,-0.4479820523810895,-0.629786559022284
0.0,0.0,0.0,1.0
0.8273708674747682,0.4939734413690635,-0.2659806327545734,0.11269612165577059
0.4343805430983777,-0.26351895978610695,0.860847315792407,-0.04723239181962832
0.35514587573706463,-0.8278991971737929,-0.43275175402186306,-0.6269371046503778
0.0,0.0,0.0,1.0
0.8320649156170405,0.4835162132277014,-0.2707655757311188,0.11175380032823583
0.42629566385615014,-0.24706129791760806,0.8694661113639309,-0.0474791414407251
0.3536092397623146,-0.8389362435670533,-0.41192882794134883,-0.6209842201853973
0.0,0.0,0.0,1.0
0.8318716421709288,0.4850265065666636,-0.2684979943766349,0.13199827471535272
0.4111252624728772,-0.21684588953320733,0.883311156471486,-0.051653363289993114
0.36981774095150477,-0.8458157822869248,-0.3799183581980069,-0.6023479795652172
0.0,0.0,0.0,1.0
0.8359922685536108,0.4854039042108578,-0.2543143966336208,0.1709174685469283
0.37507647515386255,-0.17108777426808794,0.9068460892145421,-0.05891707233583421
0.3954763139702431,-0.8549753987949138,-0.3249659269907216,-0.5616323448785596
0.0,0.0,0.0,1.0
0.8395821993781215,0.48290181532912013,-0.24662882832680974,0.20544183826050205
0.3451185466312249,-0.12727657804972958,0.9263263039967906,-0.06589171481245912
0.41519059171715733,-0.8642228168243914,-0.2736019659391804,-0.5116629074999068
0.0,0.0,0.0,1.0
0.8422626349903131,0.4757772217265489,-0.25001315044240247,0.2192867039864376
0.34905011045413775,-0.1329784480361802,0.9247594455049652,-0.06944682844460551
0.4070761860452531,-0.8670349485946254,-0.2787739623112968,-0.48207968063551687
0.0,0.0,0.0,1.0
0.8495827947845906,0.46850526278410765,-0.23817347051571391,0.21949773837308775
0.3599658142557055,-0.1886715177275179,0.9104433134992773,-0.07104883802426433
0.38300301190705277,-0.8594383928999596,-0.3297617153869048,-0.47635797886986475
0.0,0.0,0.0,1.0
0.8517231257942377,0.47661538571445483,-0.21427794140779055,0.22031303096360016
0.36458021288145304,-0.24627894358112962,0.8960505503441722,-0.07265349101797314
0.3751506240067386,-0.8414917655778154,-0.3836511123569788,-0.4762127860933488
0.0,0.0,0.0,1.0
0.8513270762721658,0.48302688260060206,-0.20264142634211646,0.22716349465447094
0.36649555976189174,-0.2727473144944471,0.8888978534754888,-0.07324169436478381
0.37429053774108334,-0.8313602453602558,-0.4091595599864719,-0.471895902141675
0.0,0.0,0.0,1.0
0.8490714564619966,0.48208092336957953,-0.21392028012405684,0.23308337737684143
0.3790011715418422,-0.2760538613086787,0.8826504067503746,-0.07047328900035912
0.36657637151872613,-0.8310609700975226,-0.4172361271907127,-0.4704521630662057
0.0,0.0,0.0,1.0
0.8395695070115888,0.4908413115584733,-0.23058586903472772,0.23405497394736685
0.40292427139755255,-0.27939160070855573,0.8702148760639545,-0.0663614617836443
0.36239732327260177,-0.8242360475499938,-0.4327875814019646,-0.47514889853032366
0.0,0.0,0.0,1.0
0.8286470661487407,0.5040065061209476,-0.23841179225857292,0.23330410244080785
0.426336603108603,-0.29399299209057145,0.8522518798896224,-0.06286958930749925
0.35776409280843124,-0.8097241744852968,-0.459657289036317,-0.4820219871156783
0.0,0.0,0.0,1.0
0.8375452077659113,0.48622934546808555,-0.22911676611838405,0.23370781967384555
0.40694018722110425,-0.2802823830080255,0.8584822788899868,-0.06026361829302072
0.34619247654494906,-0.8190567110173456,-0.43702175726182557,-0.4871919619656475
0.0,0.0,0.0,1.0
0.881389677110972,0.4120051007787626,-0.19139682124451513,0.23532727177813131
0.31087434025374316,-0.2063372299859596,0.908888322125418,-0.059164119457977844
0.3222128812792204,-0.8720036969357117,-0.3173058389129494,-0.48993523958250784
0.0,0.0,0.0,1.0
0.9232859605599225,0.33799579579573896,-0.15587244367665332,0.23750801901675792
0.2186366475695346,-0.1304088534767102,0.9566301484549224,-0.06009964431910072
0.2959017522306461,-0.92323620547518,-0.1980456449138005,-0.49019874433111255
0.0,0.0,0.0,1.0
0.9328390168313953,0.32356034215482077,-0.15019338564113022,0.24011048247151962
0.2018500109010529,-0.12438215591856472,0.9681919358041816,-0.06196829990182834
0.29263628515813933,-0.9350086229609073,-0.18218040851748074,-0.4882671045426548
0.0,0.0,0.0,1.0
0.9242132809617287,0.34742936909918454,-0.1534031973548366,0.2426720871323901
0.22203809005907357,-0.16187569254407752,0.9595176969092221,-0.06397858793907683
0.307742130178277,-0.9214137239049055,-0.22715790922324158,-0.48507282756975867
0.0,0.0,0.0,1.0
0.9098757122757373,0.38037453077958794,-0.15860567497023756,0.24435296503347353
0.2521513622564838,-0.2043030492748276,0.9437573232922685,-0.06671573960643978
0.32545505596551627,-0.8995708833134701,-0.2827368850630288,-0.4815633483834415
0.0,0.0,0.0,1.0
0.8968560034953397,0.4069258533094948,-0.16635978498857798,0.24510461573461034
0.2757919062777967,-0.2217775232967018,0.9333659711253584,-0.07080273961233541
0.3417279476722239,-0.8839957866470449,-0.3122319128965566,-0.4772238525173724
0.0,0.0,0.0,1.0
0.9014937482707404,0.3971795740985916,-0.16169892816256465,0.245461122522999
0.2596036673110177,-0.1981058458647501,0.9421714143055522,-0.07536860892142466
0.340172320171644,-0.8929824970515752,-0.2832236466835898,-0.4697796892264475
0.0,0.0,0.0,1.0
0.9128524266954219,0.37433499503107415,-0.150246123029522,0.2456689700059972
0.23112954500689092,-0.1716182700643195,0.9547660648439289,-0.07854692959161877
0.3294950474982543,-0.9080639573557319,-0.24495094804268658,-0.4610660136798792
0.0,0.0,0.0,1.0
