0.05990968271691197,0.38518651349690947,0.9217996848999148,0.347546894384126
0.9599530047713073,0.2242690711976656,-0.15815699304568992,0.22299108585806476
-0.2631019497230971,0.8917996848999148,-0.3557694050810707,0.005023826536178611
0.0,0.0,0.0,1.0
0.052610713728269996,0.3689178536174964,0.9278487264850901,0.34661946295466606
0.9594144318033464,0.2306325634253461,-0.14534621713358742,0.22298792496256303
-0.2658361148221683,0.8978487264850901,-0.34129191115161595,0.00998772038299797
0.0,0.0,0.0,1.0
0.05359936979982936,0.34956025223112197,0.9349749250401487,0.3460686775818371
0.9569947173467804,0.23941577010959264,-0.14158540879669998,0.22218236528156154
-0.27202246891912424,0.9049749250401486,-0.3229198001118291,0.014710731808038217
0.0,0.0,0.0,1.0
0.06668343242924701,0.35140096472215,0.934299517638925,0.34617125728317455
0.9530052826532195,0.24636349222768056,-0.1588387208628955,0.22101292624777824
-0.28452800766152186,0.904299517638925,-0.3202768235575357,0.01742687393744001
0.0,0.0,0.0,1.0
0.08564229156993378,0.3572464151246002,0.9316210721288674,0.3471756383165654
0.9505869065028997,0.24936609826840775,-0.181015936787847,0.21994407503210878
-0.2952339978380815,0.9016210721288673,-0.31841888982415334,0.01934820104692523
0.0,0.0,0.0,1.0
0.0973377870118195,0.3490652360987285,0.9331355618893282,0.34883392000980307
0.950091313844893,0.2499060095426148,-0.1901657952002378,0.21856608739107494
-0.298603255606953,0.9031369001955744,-0.3063355750308753,0.020441450761796407
0.0,0.0,0.0,1.0
0.09169014221690114,0.3355552763458941,0.9374929866172795,0.3498632486164275
0.9505869065028997,0.2493674365746539,-0.18173178422060915,0.21747395279954662
-0.29581822772848887,0.9075373052334799,-0.2967264127392012,0.020002005026741897
0.0,0.0,0.0,1.0
0.07579481456290152,0.3245875367589093,0.9412928966794593,0.3491212571749557
0.9530052826532195,0.24640781084388086,-0.16341941872253582,0.2183360324823617
-0.2875332903147414,0.9118341462599127,-0.29341907697809455,0.019660233290339852
0.0,0.0,0.0,1.0
0.06933043493624043,0.3211309690299218,0.9414797446983483,0.3467635117894611
0.9569947173467804,0.2399556813837997,-0.1552980199327253,0.2204509239673418
-0.27901450965341246,0.9139437777711146,-0.29395060563642195,0.020752635332504356
0.0,0.0,0.0,1.0
0.07722989890060813,0.32973825058957473,0.9378890301825519,0.34412853905346286
0.9594144318033464,0.23304960126941984,-0.16426893486358896,0.222648329542098
-0.27516057108686803,0.91241837615032,-0.29969125536088215,0.023629915955596156
0.0,0.0,0.0,1.0
0.08397535710825546,0.33779469798072537,0.9357004823610751,0.3421039228567903
0.9599556813837996,0.22816451543384136,-0.17097007445503593,0.22475839675580817
-0.27192546010480545,0.9105412495804532,-0.3043438362551253,0.02675856380336298
0.0,0.0,0.0,1.0
0.08103536759813713,0.33982272553519877,0.9355136343421862,0.34066523714239916
0.9600429803099542,0.22542767372227784,-0.16641604609172234,0.22660382013059455
-0.2674929866172795,0.9100886372324007,-0.30744866800107923,0.029170275768591103
0.0,0.0,0.0,1.0
0.07178996397778885,0.3400376270849696,0.9374929866172795,0.3392171200774488
0.960539911274207,0.22403509161600743,-0.15636229025551102,0.22859270558085767
-0.26250968999521285,0.9105425878866994,-0.309543372733209,0.03193890378286412
0.0,0.0,0.0,1.0
0.06853532944876223,0.34049291604551446,0.9389188391453398,0.33792377945504515
0.962419714456566,0.22,-0.15095504390532824,0.2300773718196345
-0.25816585374008755,0.9124653713790126,-0.3109885087035212,0.035242512553927074
0.0,0.0,0.0,1.0
0.06928577457559887,0.3417911659499584,0.9375359669272336,0.3372494705231271
0.963989434693561,0.2159662466902387,-0.1492427942656447,0.23036991620238528
-0.25601056530643906,0.9145750028902147,-0.314208203794032,0.0385410100341038
0.0,0.0,0.0,1.0
0.07759133373784444,0.34048855938233474,0.936009227000193,0.33734359619778076
0.962419714456566,0.2146193215064148,-0.15467468831702555,0.22981474351474707
-0.25699605565302663,0.9154249971097856,-0.3144323371534492,0.040790267591293464
0.0,0.0,0.0,1.0
0.0929042589201623,0.33354519392742654,0.9375802855434341,0.33811872808789717
0.960539911274207,0.2124667096852586,-0.16645212946008114,0.22888388489679218
-0.2564561443788196,0.9175346286209878,-0.3053806784935852,0.04138712157683379
0.0,0.0,0.0,1.0
0.10214141625870755,0.3295584358463579,0.9394600887257929,0.33955171344740265
0.9600443186162003,0.21054258788669933,-0.1751923558343735,0.22750735014439255
-0.2530066209594657,0.9194574121133008,-0.2971387213897919,0.04102144613191092
0.0,0.0,0.0,1.0
0.10160987656641866,0.3317483330080424,0.9399556813837997,0.34144065331385864
0.9600013383062461,0.21008729892615446,-0.17622919807283344,0.22545825762048116
-0.2511684597808147,0.9199113627675994,-0.29538216416786955,0.0408612698898929
0.0,0.0,0.0,1.0
0.0965354134674972,0.33296364064951156,0.9399986616937539,0.3431425992887299
0.9600013383062461,0.21049693096425287,-0.17191609196108237,0.22308462213713653
-0.2530039443469734,0.9194587504195469,-0.29651284949567647,0.041354429433756335
0.0,0.0,0.0,1.0
0.08915302413736251,0.3353820167998314,0.94,0.34449547122565505
0.9600456569224465,0.2118811414886051,-0.16610342286794272,0.2213419091263882
-0.2563661688401728,0.917578947237188,-0.3019267984110516,0.04209987113935687
0.0,0.0,0.0,1.0
0.08569477635768766,0.3386530748161761,0.9399986616937539,0.3456090416880198
0.9605855681966535,0.21161270054694914,-0.16219256274021523,0.22014834337259942
-0.25586923787592,0.9159662466902387,-0.3061890417434098,0.04217530919478432
0.0,0.0,0.0,1.0
0.0843075585103634,0.33842894145675884,0.9399556813837997,0.3463765432946165
0.9630039443469733,0.2089258724210118,-0.1578097721278358,0.21917368975986035
-0.2505412495804532,0.917040374269227,-0.30681356429731743,0.04140401198443486
0.0,0.0,0.0,1.0
0.07457513922429113,0.34098850870352115,0.9394600887257929,0.3470665758097075
0.9669503987305803,0.21000000000000002,-0.14762340218746484,0.21782722237520785
-0.2466391138130467,0.917040374269227,-0.31255689063427,0.04007280906751469
0.0,0.0,0.0,1.0
0.07221099698870048,0.3453293266017129,0.9375789472371878,0.3477613069113243
0.9688745205291395,0.2110754658852344,-0.14678867649140728,0.21605614462358375
-0.24816585374008748,0.9159649083839927,-0.3172091297840719,0.03847539754308313
0.0,0.0,0.0,1.0
0.08241000456840171,0.3434522000318462,0.9359649083839925,0.3486696634487893
0.9675332903147413,0.20843295637549736,-0.15734208563267282,0.21452608776719323
-0.2518824797948513,0.9175332903147415,-0.31394779268985296,0.03712503583457417
0.0,0.0,0.0,1.0
0.08563927321300024,0.33713336816480727,0.9369960556530266,0.3499021778862238
0.9659649083839925,0.2087044267080484,-0.16133841726782913,0.21332129258163618
-0.25398809638731484,0.9188758588353857,-0.3071776867810076,0.03596642817376065
0.0,0.0,0.0,1.0
0.07515373218759905,0.3371360447772995,0.93650046299502,0.35078196333804246
0.9670403742692271,0.21250968999521277,-0.15358267364435793,0.21288614126968036
-0.2529139688083266,0.9169947173467807,-0.30718304000599217,0.035041780704790276
0.0,0.0,0.0,1.0
0.06304290973818909,0.3435394989580007,0.9335465322336727,0.35120467597572513
0.9670403742692271,0.21695173703682635,-0.14698936412179592,0.2133855867841844
-0.25241837615031987,0.9135438556211806,-0.31412506715465427,0.03444472068790097
0.0,0.0,0.0,1.0
0.05274085663030198,0.3463688454526651,0.9335881742373808,0.3516054066985317
0.9659662466902388,0.21941309349710036,-0.13865441312242224,0.21406920310559086
-0.251569720236995,0.9130052826532197,-0.3193741281058846,0.03414836467178817
0.0,0.0,0.0,1.0
0.0433677140522607,0.34542098219104705,0.9369960556530266,0.3520495318219475
0.9675789472371878,0.2199530047713074,-0.1268672510572408,0.21432850631053807
-0.24789036848879797,0.9140364299222536,-0.3224156995378276,0.03409944175491711
0.0,0.0,0.0,1.0
0.03740583505916324,0.3456064919036898,0.9388758588353856,0.3524036631996911
0.969460088725793,0.21995434307755352,-0.12094835237409751,0.21391632225503365
-0.24565482543862857,0.9124667096852588,-0.3250209237070363,0.03364026793752496
0.0,0.0,0.0,1.0
0.03206812584157065,0.34672190870798325,0.9375346286209876,0.352719224315141
0.9699556813837997,0.21946008872579298,-0.11852427022039025,0.21327220671123953
-0.24493074275802493,0.9111241411646145,-0.32667625178553683,0.03241433343598702
0.0,0.0,0.0,1.0
0.033550547152411146,0.3456048118530024,0.936009227000193,0.3530145918080717
0.9699986616937539,0.217580285543434,-0.1200053532249846,0.21258113479000124
-0.24457767950270679,0.9130052826532197,-0.32560213524051007,0.031003537567491454
0.0,0.0,0.0,1.0
0.038162835383153945,0.33901317134716624,0.9375802855434341,0.3528534675590296
0.9699986616937539,0.21600922700019287,-0.12166103408188789,0.21164654158199006
-0.24304960126941982,0.9164561443788197,-0.3189675144247198,0.030150677843344985
0.0,0.0,0.0,1.0
0.03852159360789795,0.33704606923865277,0.9394600887257929,0.3523109330012583
0.9699556813837997,0.2175359669272337,-0.12147988103242487,0.21073647017704697
-0.24354519392742655,0.9169947173467807,-0.31646183934824546,0.02981236088772745
0.0,0.0,0.0,1.0
0.04269554145229678,0.3405315396922889,0.9399570196900457,0.351864528581417
0.969460088725793,0.21892017745158593,-0.12614640317789688,0.2101732907736713
-0.24699337904053437,0.9159649083839927,-0.317573252267762,0.029679332961971082
0.0,0.0,0.0,1.0
0.053666954213578866,0.33878722160298497,0.9400443186162003,0.35158731211324823
0.9675802855434341,0.21753462862098755,-0.13312704293937183,0.20973799696188458
-0.24883020191293914,0.9175802855434341,-0.31242239106905834,0.02969486875962951
0.0,0.0,0.0,1.0
0.06021695271570701,0.3329139688083266,0.9405855681966535,0.35117711778408545
0.966010565306439,0.21596357007774641,-0.13430205791734062,0.20892313392512388
-0.24694906042433407,0.9195044073419933,-0.3070447309324067,0.030035249997333133
0.0,0.0,0.0,1.0
0.05188114148860512,0.3276192509346497,0.9430066209594656,0.3506714023154681
0.9675802855434341,0.2169947173467805,-0.12492940445177879,0.207464147034996
-0.24300394434697337,0.920498269270499,-0.3070780013541965,0.03086566771334473
0.0,0.0,0.0,1.0
0.04190070863297189,0.32291798372706504,0.9470376976567347,0.3504275511659085
0.9694587504195469,0.21645480607257345,-0.11589281993902516,0.20575463278275727
-0.24058824480914578,0.9225083516889667,-0.30627753160777216,0.031657379811516916
0.0,0.0,0.0,1.0
0.045618820362019995,0.3189228540640782,0.9499086861551072,0.3503430327781729
0.9699100244613533,0.2129609640370192,-0.11749996185062511,0.2042525702144648
-0.24013563246109323,0.9251149141644215,-0.3007100050952981,0.03200284789862265
0.0,0.0,0.0,1.0
0.061309445466892536,0.3122439256660491,0.9517898276437122,0.3502729920163401
0.9694130934971004,0.21058422989040737,-0.12942964228453357,0.20267521449139536
-0.2411268177771067,0.9278447115663515,-0.2897328973645902,0.032093138904855156
0.0,0.0,0.0,1.0
0.08228675860796508,0.30552334423035044,0.9510284706565417,0.3503065313759349
0.9669947173467806,0.21004565692244645,-0.14834164253060442,0.2007592129484648
-0.2454249971097855,0.9315240633145485,-0.2780316959193171,0.032043487678756824
0.0,0.0,0.0,1.0
0.10160150498450052,0.30762728077212664,0.946009227000193,0.3504637438159999
0.9630052826532196,0.21,-0.1691844671404268,0.19882568813554313
-0.25098415204034147,0.9318771265698667,-0.27575015420226,0.03159467459828786
0.0,0.0,0.0,1.0
0.10976200549960341,0.3105798732272277,0.9440864435078797,0.35048842005578357
0.9605855681966535,0.2099556813837997,-0.1792664128415967,0.19730181380915707
-0.2518341462599125,0.9304512740418065,-0.27609484587565997,0.030772847254426215
0.0,0.0,0.0,1.0
0.10878622504118009,0.30888423041730373,0.9465434433049741,0.35019017808955766
0.9600456569224465,0.20946008872579297,-0.17928181769918683,0.19663350892885167
-0.25049559265800675,0.929501730729501,-0.27400182119421757,0.030239372013144968
0.0,0.0,0.0,1.0
0.10999866169375386,0.3105815532779151,0.9469517370368263,0.3501026876148039
0.9600013383062461,0.207580285543434,-0.1824170378440737,0.19627191371406844
-0.2500886372324006,0.9275373052334799,-0.2755109577296939,0.030045329964117438
0.0,0.0,0.0,1.0
0.11116544142388116,0.3140324150035152,0.9453793401873392,0.3504821958161486
0.96,0.20601056530643902,-0.18515487611744214,0.19567134206813336
-0.25058690650289966,0.9254706540322322,-0.27910301055173636,0.029456630779594956
0.0,0.0,0.0,1.0
0.10955442092761944,0.31475480659946986,0.9445736645839684,0.3509611942958452
0.96,0.207580285543434,-0.18197413538418544,0.19503308665409208
-0.2530039443469734,0.9251592327806218,-0.27963989243504833,0.02837834413675525
0.0,0.0,0.0,1.0
0.11399111474424839,0.3140807485384539,0.9424653713790125,0.35119271898319226
0.96,0.2094614270320391,-0.18453236432470158,0.1946243851221338
-0.2569503987305802,0.9254236588035394,-0.27865708973491454,0.027170391027367843
0.0,0.0,0.0,1.0
0.12169415713563958,0.3112584353194615,0.9405412495804533,0.3512724752683348
0.96,0.20999866169375386,-0.19178279436804022,0.1943199038009839
-0.25887318222289335,0.9269060801143799,-0.27430803658888137,0.02604972708762696
0.0,0.0,0.0,1.0
0.11927845759781203,0.3130566345450918,0.9400443186162003,0.3512587885451654
0.9599986616937538,0.21049559265800674,-0.1898197071782652,0.19409970189756603
-0.2574916483110334,0.9259135564921204,-0.27660049016627225,0.02503748655676393
0.0,0.0,0.0,1.0
0.10717768678100759,0.32344684680686164,0.9400013383062462,0.351155628106385
0.9599556813837996,0.2119241217985593,-0.17959873954381975,0.1939763263471453
-0.25551363434218616,0.9205425878866995,-0.29039724553744184,0.024046978711477512
0.0,0.0,0.0,1.0
0.1018456835668024,0.3292301240628733,0.94,0.35116983978171834
0.9594600887257929,0.21211096981744818,-0.17587943687656368,0.19372093038023497
-0.255700482361075,0.9166391138130467,-0.2975660716240518,0.022872667502202362
0.0,0.0,0.0,1.0
0.10941844672208494,0.3247507916807314,0.94,0.3514906883231307
0.9575802855434339,0.2108956511420175,-0.18237941075910413,0.19336908838967537
-0.257890368488798,0.9181658537400876,-0.2898643675389068,0.021835424343720287
0.0,0.0,0.0,1.0
0.11523900931862488,0.3187447304055103,0.94,0.3518026471661984
0.956010565306439,0.21269252309536324,-0.18824295366559823,0.1933432508989742
-0.2615240633145485,0.9218824797948514,-0.28071886578969574,0.02137589275601544
0.0,0.0,0.0,1.0
0.10753596692723369,0.31659747180933867,0.94,0.35194532680274937
0.9575802855434339,0.214839428913132,-0.18211096981744818,0.1936887864901552
-0.2618341462599125,0.9239894346935611,-0.2811724746995532,0.021375706169426873
0.0,0.0,0.0,1.0
0.09969307174564623,0.31950708395448557,0.94,0.35215648446686265
0.9594600887257929,0.21636616884017285,-0.1745781575812247,0.19427147599376376
-0.25995434307755355,0.922958287424527,-0.285421978752852,0.0217089668507688
0.0,0.0,0.0,1.0
0.10578911959347567,0.3215683819307489,0.94,0.352530700342718
0.9599556813837996,0.21403241500351516,-0.18085971514169685,0.19498274112316355
-0.2575789472371879,0.9229596257307732,-0.2844863656578139,0.0223825865068037
0.0,0.0,0.0,1.0
0.1147880770212597,0.32076403359966277,0.94,0.35295546718267884
0.9599986616937538,0.2089728676497044,-0.18971748147303852,0.19573682979437101
-0.25547199233847817,0.9240337533097613,-0.2813925821062704,0.0234409638344157
0.0,0.0,0.0,1.0
0.1161432374529251,0.32165434255065717,0.9400013383062462,0.3533965713473835
0.96,0.20820883405004167,-0.19125815161734666,0.19662142005819433
-0.25516057108686796,0.9224223910690584,-0.2822855676697571,0.0247770092516234
0.0,0.0,0.0,1.0
0.11133320037692118,0.32049559265800676,0.9400443186162003,0.3536634666792259
0.96,0.21004565692244645,-0.1867581974867067,0.19757954305033343
-0.25546931572598586,0.9205842298904074,-0.2835022136174724,0.025817598135421997
0.0,0.0,0.0,1.0
0.10323377267581642,0.3202671026354098,0.940539911274207,0.3537433887908571
0.9600013383062461,0.21237673414661185,-0.1802284900225969,0.19851585078398523
-0.25748897169854107,0.9205855681966535,-0.28726181998219036,0.02656645546717524
0.0,0.0,0.0,1.0
0.09690755475470267,0.3207600297148858,0.9424210527628122,0.3537804675849342
0.9600443186162003,0.21398809638731484,-0.17389959548899087,0.19928487814525897
-0.25882752530044684,0.9224667096852587,-0.29017446151823234,0.027031516340704484
0.0,0.0,0.0,1.0
0.09677327163381712,0.3162360259381408,0.9440337533097614,0.35397111596899866
0.9605412495804532,0.212419714456566,-0.17211096981744817,0.19976973705173406
-0.2563661688401728,0.9245736645839684,-0.2861903690156944,0.027005063855312567
0.0,0.0,0.0,1.0
0.09484612044436275,0.31520355139682216,0.9429596257307731,0.35447154120014296
0.9624640330727663,0.21053991127420704,-0.16892419237032436,0.1995123358149954
-0.25004431861620036,0.9253806784935854,-0.28520087478432987,0.026456679777783168
0.0,0.0,0.0,1.0
0.09251504322019738,0.31520221309057606,0.9429596257307731,0.354978332644956
0.9645293459677681,0.21004298030995416,-0.1631006114168509,0.19838173961971597
-0.24417641904652654,0.9269947173467805,-0.28515789447437573,0.02567601198862729
0.0,0.0,0.0,1.0
0.09098999437780553,0.3161903690156944,0.9440337533097614,0.35523744244444294
0.9648407672193782,0.20995701969004582,-0.15996152372126377,0.1972197942882149
-0.2436365077723195,0.9270376976567347,-0.28565045774148734,0.025168225539895422
0.0,0.0,0.0,1.0
0.09332106056800935,0.3201798147432169,0.9424210527628122,0.3553795612026761
0.9645736645839683,0.20946008872579297,-0.16493643772745076,0.1968514448064969
-0.24704171257547308,0.9259205897677923,-0.2877601002866509,0.025254513781162717
0.0,0.0,0.0,1.0
0.10488361119525566,0.31744043275323774,0.940539911274207,0.3552046761651576
0.9630052826532196,0.20757894723718784,-0.17680907130006107,0.19713004982600305
-0.24941577010959265,0.9269933790405344,-0.2834509980596768,0.02589163511726842
0.0,0.0,0.0,1.0
0.10764935563146784,0.31570751563674704,0.9400443186162003,0.35480144809209746
0.9630066209594657,0.20596624669023872,-0.1786861978699278,0.19729306555993925
-0.24995300477130739,0.9264548060725735,-0.2832891394864272,0.02690480295979685
0.0,0.0,0.0,1.0
0.0962845648834442,0.32255133199892083,0.9400013383062462,0.354785378928164
0.9646179832001687,0.20704037426922695,-0.16879291657241083,0.1966379751289894
-0.24995434307755354,0.9229609640370193,-0.2920557393409141,0.027410196256968847
0.0,0.0,0.0,1.0
0.08672641273920118,0.3304012604561803,0.94,0.3550733332451744
0.9653806784935852,0.20703903596298082,-0.16130141562941566,0.19563871232361713
-0.24945875041954682,0.9205855681966535,-0.300896853114187,0.027188301884138705
0.0,0.0,0.0,1.0
0.08346205728804873,0.33174283241501956,0.94,0.355403109990139
0.9669503987305803,0.20592058976779226,-0.15884273578163394,0.19473213202303874
-0.24753462862098752,0.920091313844893,-0.30416120856533946,0.026922036018895947
0.0,0.0,0.0,1.0
0.08444485998818249,0.32990734784886094,0.94,0.35575128184869875
0.9664991246887737,0.2069933790405344,-0.16143823902871685,0.1941559840695729
-0.2454249971097855,0.9205869065028998,-0.3038967825424219,0.026929516295306495
0.0,0.0,0.0,1.0
0.09152673992704081,0.3270363593504885,0.9400013383062462,0.3558124090149416
0.9635451939274265,0.20645480607257344,-0.16852011896757513,0.19404417334668633
-0.24457500289021447,0.9230052826532196,-0.2994560738070545,0.027311206775679595
0.0,0.0,0.0,1.0
0.09537230691166707,0.32296096403701924,0.9400456569224465,0.35548963673420897
0.9635451939274265,0.20296096403701924,-0.17075298540525227,0.19425570236077555
-0.24246537137901247,0.9269947173467805,-0.29350087531122626,0.02806700046679092
0.0,0.0,0.0,1.0
0.09340956146633334,0.3200026766124923,0.9405842298904074,0.355337411223945
0.96650046299502,0.20058556819665355,-0.16798322605030166,0.19456741124482727
-0.2405412495804532,0.9294130934971003,-0.2900469952286926,0.0286856074667916
0.0,0.0,0.0,1.0
0.09295427250578847,0.31713168811411985,0.9429596257307731,0.3554445832285057
0.9669960556530266,0.20009131384489293,-0.16541964388480096,0.19474928566060268
-0.2400443186162003,0.9299086861551071,-0.28713302642036603,0.029038328304244465
0.0,0.0,0.0,1.0
0.09340520480315362,0.31417775735277265,0.946409149150127,0.35552029046884825
0.9659649083839925,0.20058690650289968,-0.1639464543836068,0.19475182293088644
-0.2400026766124923,0.9294130934971003,-0.28417775735277273,0.029359679322852477
0.0,0.0,0.0,1.0
0.08887853544787788,0.31659345689060026,0.946409149150127,0.35553582809987383
0.9675776089309418,0.2030039443469734,-0.15892285406407822,0.19467185210617854
-0.2400443186162003,0.9269960556530267,-0.2865934568906003,0.029655625385333728
0.0,0.0,0.0,1.0
0.08121277839701503,0.32394779268985296,0.9429596257307731,0.3555351674586521
0.9694157701095927,0.20694906042433406,-0.15121545500950734,0.19462293423888488
-0.24053991127420704,0.9230496012694199,-0.293947792689853,0.03000366900423458
0.0,0.0,0.0,1.0
0.07767595605150662,0.32779469798072536,0.9405842298904074,0.35572621518873204
0.9694157701095927,0.20883020191293916,-0.1477216129739531,0.19464724235420588
-0.24242105276281217,0.9211254794708605,-0.2977946979807254,0.030255999198102644
0.0,0.0,0.0,1.0
0.08192947502354388,0.325607830209936,0.9400456569224465,0.35606497229726625
0.9675776089309418,0.2069933790405344,-0.15251370491395122,0.19482649905940203
-0.2440337533097613,0.9224667096852587,-0.2956064919036898,0.03007795350478008
0.0,0.0,0.0,1.0
0.08511323411373414,0.32439117322825917,0.9400013383062462,0.35608027784127655
0.9659662466902388,0.20354251731493428,-0.15807152153826104,0.19512851751448093
-0.2429582874245269,0.9240364299222537,-0.2943468546120589,0.029870195145148874
0.0,0.0,0.0,1.0
0.0820197923066319,0.32851744235508284,0.9400013383062462,0.3555807448429517
0.9670403742692271,0.20295962573077309,-0.15838328453431244,0.1953929771184258
-0.2429139688083266,0.9230066209594657,-0.2979775310808759,0.0299586610072589
0.0,0.0,0.0,1.0
0.08516358944380154,0.32770338413583244,0.9400456569224465,0.35477293307171426
0.9670403742692271,0.20344952341935396,-0.16098717039727503,0.1954664144534948
-0.24344818511310778,0.9235895125436269,-0.29528366967926645,0.03008826899483695
0.0,0.0,0.0,1.0
0.09537632183040551,0.31986704415139905,0.9405842298904074,0.35420577632864503
0.9659649083839925,0.19941577010959266,-0.16533200321420521,0.19534982936572132
-0.23941577010959264,0.9275789472371878,-0.28587760945783813,0.029961570772799113
0.0,0.0,0.0,1.0
0.09990299118568124,0.31067420542905416,0.9429596257307731,0.3541746480899832
0.9675346286209876,0.19354653223367274,-0.16353816065175455,0.19519971290854066
-0.23354519392742656,0.9318354845661587,-0.27825449097248817,0.029785092756837057
0.0,0.0,0.0,1.0
0.09690642185882112,0.3042704095039117,0.946409149150127,0.35444608148526596
0.968920177451586,0.19067554373530032,-0.1581232151745746,0.19503613567524186
-0.2306312251191,0.9339424394648683,-0.27373183653595085,0.029914481868770163
0.0,0.0,0.0,1.0
0.09779905464390506,0.3042663945851733,0.946409149150127,0.3545516246708818
0.9675346286209876,0.19063256342534612,-0.16085133252581718,0.19486553720007327
-0.23009399045738527,0.9323740575341195,-0.2742663945851733,0.030232847305808604
0.0,0.0,0.0,1.0
0.09914297250475695,0.3105412495804532,0.9429596257307731,0.35438818786427506
0.9659649083839925,0.1930066209594657,-0.16613902815778359,0.194732006147947
-0.2306312251191,0.93,-0.2810798225484141,0.030375184241888366
0.0,0.0,0.0,1.0
0.09139258210627038,0.31824731032877795,0.9405842298904074,0.3540450438867343
0.9670403742692271,0.19699605565302666,-0.16080701390961688,0.19431702608132703
-0.23354653223367272,0.9276232658533882,-0.29066702478534395,0.03017590985011149
0.0,0.0,0.0,1.0
0.08763029912906015,0.32044290245988827,0.9400456569224465,0.3536971437890041
0.9670403742692271,0.19945875041954686,-0.1575846422066137,0.1930963187581704
-0.2394587504195468,0.925967584996485,-0.2944323371534493,0.029857626660856187
0.0,0.0,0.0,1.0
0.09116008819889657,0.31650214304570734,0.9400026766124923,0.3535135302334542
0.9659662466902388,0.2004942543517606,-0.16115874989265044,0.19113622319504175
-0.24394243946486838,0.927040374269227,-0.2889231958085195,0.02948441665292949
0.0,0.0,0.0,1.0
0.09174952394625033,0.31650615796444576,0.9400443186162003,0.3531973638306315
0.9675789472371878,0.20241837615031988,-0.16175086225249646,0.18908405220070768
-0.24474945337448525,0.9270390359629809,-0.28709172616109935,0.029272084218157426
0.0,0.0,0.0,1.0
0.08936475996216159,0.32057853492098154,0.9405412495804533,0.35284217726664213
0.969460088725793,0.20399077299980714,-0.1594090785783619,0.18709592376116585
-0.24398809638731483,0.9259205897677923,-0.2912084217338353,0.02939267979503903
0.0,0.0,0.0,1.0
0.08448368904532155,0.31995835799629196,0.9424640330727663,0.3525781828178742
0.9699556813837997,0.20246403307276634,-0.15502360031952864,0.1855858969041379
-0.24004298030995416,0.9269933790405344,-0.2929636406495115,0.029524302255169933
0.0,0.0,0.0,1.0
0.07735447213332938,0.3189675144247198,0.9445306842740142,0.3522347248429034
0.9699986616937539,0.20107848424216795,-0.1497741865898954,0.18479274531478201
-0.23650615796444577,0.9264561443788196,-0.2959165748490538,0.029723235672428266
0.0,0.0,0.0,1.0
0.0704097794061366,0.3221082932049559,0.9448837475293324,0.3517546737492346
0.9700000000000001,0.20241971445656604,-0.14439921409969758,0.18439929022409057
-0.23703903596298082,0.9230066209594657,-0.30093849511789506,0.03015706793919896
0.0,0.0,0.0,1.0
0.06561599638148952,0.3237609446709641,0.9450692572419751,0.35120571724792204
0.9700000000000001,0.20344952341935396,-0.13803571083805555,0.184095658269307
-0.23645748268506572,0.9211697980870609,-0.3007543237114984,0.030645628511287028
0.0,0.0,0.0,1.0
0.07067688204154643,0.3220666512012479,0.9448837475293324,0.3507214945782926
0.9700000000000001,0.1999556813837997,-0.14121679331575349,0.1838624162226301
-0.23300662095946567,0.9230496012694199,-0.29561184512867444,0.03081898503355022
0.0,0.0,0.0,1.0
0.07861009450622193,0.31852025530165184,0.9445306842740142,0.35041684014143454
0.9700000000000001,0.19601056530643907,-0.14865441312242225,0.18348081319985948
-0.2311697980870609,0.9269503987305803,-0.2915698565710717,0.03059282436940477
0.0,0.0,0.0,1.0
0.08264116016952938,0.31874874532424874,0.9424653713790125,0.3502648315359199
0.9700000000000001,0.19520488970306832,-0.15264249847577555,0.18268958138830882
-0.23304960126941984,0.9288302019129393,-0.2933250865207093,0.030039649283869544
0.0,0.0,0.0,1.0
0.08658930563778516,0.3229623023432654,0.9405855681966535,0.3500744554510329
0.9700000000000001,0.19547065403223202,-0.15658930563778517,0.1819165995385681
-0.23695039873058016,0.9269933790405344,-0.2978473881788438,0.029455346465708812
0.0,0.0,0.0,1.0
0.08671521717675254,0.32833594756117856,0.9405842298904074,0.3498929809909339
0.9700000000000001,0.19749164831103339,-0.15671521717675252,0.18157477639969352
-0.23882886360669298,0.9235438556211805,-0.30340654310939974,0.029119455458247713
0.0,0.0,0.0,1.0
0.08439772842541324,0.3290976573267518,0.9424223910690583,0.34966416589119975
0.9700000000000001,0.19891750083909365,-0.1543963901191671,0.18163529771738418
-0.23694772211808787,0.9230079592657119,-0.3040257234722844,0.028894099853861134
0.0,0.0,0.0,1.0
0.07900613807149424,0.3266349515262701,0.9440350916160074,0.3492593207019731
0.9700000000000001,0.19749164831103339,-0.14896181945529396,0.18189859994006236
-0.23295962573077306,0.9241250671546541,-0.3017068853807374,0.02857665729318703
0.0,0.0,0.0,1.0
0.07167074397005219,0.32744029641916106,0.9430039443469733,0.34874713566109805
0.9700000000000001,0.1954679774197397,-0.14112949438959901,0.182134630327702
-0.2300456569224465,0.9235465322336728,-0.3023683625646937,0.02815663906325292
0.0,0.0,0.0,1.0
0.06915549533949022,0.3206215152309357,0.9435008753112263,0.3482807742139083
0.9700000000000001,0.1951135758581754,-0.13669012396047775,0.18235783044298287
-0.22762594246588047,0.9259662466902387,-0.29569077247291076,0.027683947676491127
0.0,0.0,0.0,1.0
0.07292749923882627,0.30951847389333725,0.9464977863825277,0.3480079893904508
0.9699986616937539,0.19484076721937818,-0.1383524963486118,0.18290503748022235
-0.22601324191893135,0.9310727892727421,-0.28435790280646933,0.027275798314968118
0.0,0.0,0.0,1.0
0.07973972522989757,0.3106258718941154,0.9469517370368263,0.3477894451250174
0.9699543430775536,0.193989434693561,-0.1443147281201121,0.18413942377072806
-0.22762326585338818,0.9323767341466118,-0.2846166448939225,0.02705488581461314
0.0,0.0,0.0,1.0
0.09466398186705638,0.31394611263916555,0.9454236588035394,0.3476128408499247
0.9694157701095927,0.19,-0.15713069155231496,0.18585981613582767
-0.22995568138379968,0.9329582874245269,-0.2839904312553658,0.027110160604561503
0.0,0.0,0.0,1.0
0.11558860481001045,0.30735179552083713,0.9451149141644215,0.34789749586575214
0.9670417125754731,0.18601190361268516,-0.17617417300666394,0.1873829483301423
-0.23183280795366637,0.9345723262777221,-0.27390628702022163,0.027249932125242727
0.0,0.0,0.0,1.0
0.12849638953643175,0.3008667484173688,0.9449294044517789,0.3488062616051171
0.9636351694660733,0.1852048897030683,-0.18908061942683912,0.18816489706172068
-0.23147840639210204,0.9348407672193781,-0.2685799898094038,0.026968354952130607
0.0,0.0,0.0,1.0
0.11904046309741542,0.30353829698583124,0.9450719338544673,0.35002274882041023
0.96413076212408,0.1854719923384781,-0.18146151586022757,0.18866488022045652
-0.2273061385983906,0.934529345967768,-0.2740795465662844,0.02618264931364539
0.0,0.0,0.0,1.0
0.09076586101838832,0.31122067190041525,0.9449280661455326,0.35109878733935757
0.969460088725793,0.18753730523347983,-0.15475663401819545,0.1896765216631644
-0.222740856630302,0.9324626947665202,-0.28601578219734697,0.025330802722678847
0.0,0.0,0.0,1.0
0.07262225103515989,0.31465258089424314,0.9450719338544673,0.3516666670920194
0.9734052048031537,0.18950440734199328,-0.13508628410792622,0.19128688132443467
-0.21910582349830532,0.930496930964253,-0.29263011197511896,0.024725726043322557
0.0,0.0,0.0,1.0
0.07785824199685121,0.31762882448873736,0.9449280661455326,0.3519748984336888
0.9723740575341195,0.1905385729679609,-0.1389380645452653,0.19274406170895625
-0.22112815608335284,0.9295044073419934,-0.2924682534018694,0.024292192922686296
0.0,0.0,0.0,1.0
0.08649744463808637,0.3192235688657192,0.9450719338544673,0.35206691313207905
0.9705399112742071,0.19291263050208046,-0.1489614777108527,0.19365865694043904
-0.22649644807628147,0.9275829621559264,-0.29030472972037946,0.024235537607909058
0.0,0.0,0.0,1.0
0.08623756965475159,0.31897273131562776,0.9449294044517789,0.3518221425079744
0.9700886372324007,0.19582491925971965,-0.15022834265455873,0.19401086933875974
-0.22928281426099173,0.9260548839226395,-0.2891056871642287,0.02450952149197711
0.0,0.0,0.0,1.0
0.08725512845095959,0.31438146334009487,0.9451175907769138,0.3514988223705089
0.9705412495804533,0.1934481851131078,-0.14967350460127943,0.19371675574009745
-0.228870505610401,0.9281228734301334,-0.28492538953304036,0.024680059720654242
0.0,0.0,0.0,1.0
0.08721751239995156,0.3084868485457853,0.9455136343421862,0.35139347086586276
0.972419714456566,0.18650615796444575,-0.14771444336420442,0.19291909104089705
-0.22506925724197507,0.9319684404147597,-0.28095088161855164,0.024777287937439413
0.0,0.0,0.0,1.0
0.07928295059506837,0.30398253775196565,0.9480758782014407,0.35149674833136196
0.973989434693561,0.1836365077723195,-0.13883167655326195,0.19199090705308597
-0.22089698944826364,0.9350249386257747,-0.2785118837197337,0.024953471819299293
0.0,0.0,0.0,1.0
0.07678164321573527,0.29839434376268437,0.951879803182359,0.3517931669408422
0.972419714456566,0.18470929704506156,-0.1349018400333763,0.19075562249270825
-0.21977855428703666,0.9372604816759442,-0.27323511098206255,0.025010376856284332
0.0,0.0,0.0,1.0
0.07909343699764873,0.2951968488316299,0.9539921113060532,0.3523179821313466
0.9705399112742071,0.18592460468653071,-0.13747805983820732,0.1892346278584836
-0.21843161806925115,0.938610094506222,-0.26977185172184437,0.025077440640379478
0.0,0.0,0.0,1.0
0.08031965649945164,0.29941295716302374,0.9530496012694198,0.35294495009054017
0.9700456569224465,0.18945875041954682,-0.1413038085397931,0.18800207110233336
-0.21995568138379967,0.9360548839226394,-0.2724625584324435,0.025326178461555993
0.0,0.0,0.0,1.0
0.08071268170779039,0.29308238257873026,0.9541280855115877,0.3538478811394178
0.9700456569224465,0.1915643670120104,-0.13958854054317602,0.18706032114204968
-0.2210257940440495,0.9370903878548531,-0.2666275765061568,0.024977373421490725
0.0,0.0,0.0,1.0
0.07578476293029596,0.2741321004303262,0.9599543430775535,0.3545633727472487
0.9705399112742071,0.19067405806101595,-0.12933129516396866,0.1863511006073103
-0.21776008925268933,0.9440337533097614,-0.25112547947086056,0.0219024391473696
0.0,0.0,0.0,1.0
0.06727871051406481,0.2600638857605671,0.9652823313730203,0.3542337891701678
0.9724183761503199,0.19053689291727352,-0.11849416552357214,0.18550885172061965
-0.2146689933475997,0.9482876140262398,-0.23889408767350626,0.01665427358368921
0.0,0.0,0.0,1.0
0.07318557547495431,0.2618048327145347,0.9638538022324677,0.3540156688470699
0.9739451160773608,0.18534186047040768,-0.12628484858555905,0.1825578287946682
-0.211396744393047,0.9473520009312018,-0.23875523144511485,0.01367269818291032
0.0,0.0,0.0,1.0
0.08891736450501697,0.2720372013217934,0.9578406966476132,0.3538941570344133
0.9718757882636205,0.18271575238006565,-0.14654999850212816,0.17789934448352945
-0.21428681092330676,0.9442458308790016,-0.24508412597872092,0.013157685050309523
0.0,0.0,0.0,1.0
0.09316953413684653,0.2824668460193353,0.952649542785409,0.35373448128517854
0.9679805494378093,0.19615705158553964,-0.15635610617360574,0.1752773674855202
-0.23045924583695693,0.9383831482002358,-0.2535439919552571,0.012033076320014022
0.0,0.0,0.0,1.0
0.08363637143824283,0.30175958661281743,0.9473947758307912,0.354942830304171
0.9642055271815397,0.2165653453173919,-0.1558886686862101,0.17739278453735918
-0.25168159778805954,0.9261766442087918,-0.27354673764403736,0.009770885629813665
0.0,0.0,0.0,1.0
0.06941505724990261,0.3245139300762163,0.9426522193979014,0.35675554532355996
0.9573436293492836,0.24401266397826343,-0.15731211726993133,0.1859675873178847
-0.2801105282108569,0.9101774798751658,-0.2942812888008044,0.008824226753258028
0.0,0.0,0.0,1.0
0.07034056195006455,0.3389160261987708,0.9379346871049983,0.3572778732665448
0.9416851307363578,0.28405531357773783,-0.17554377160244544,0.20021908203303662
-0.3251378127386442,0.8937102762679743,-0.2976912030455405,0.009520823555654522
0.0,0.0,0.0,1.0
0.08581768057368303,0.3417834778569227,0.93511892908316,0.357705810928721
0.9219524387821323,0.3241481020629536,-0.20299804396718293,0.21603120397034492
-0.37306694120829337,0.8795793778098175,-0.28505071533093207,0.010420218593213466
0.0,0.0,0.0,1.0
0.09172395265145761,0.3481483083908494,0.9325553469176593,0.35909766242405217
0.8965911585353961,0.3739477561770062,-0.22772950647735332,0.23267432511579683
-0.4278901956418746,0.8543164446836463,-0.275742980700589,0.011219366264967404
0.0,0.0,0.0,1.0
0.0882211514744103,0.3541083820331443,0.9311254794708606,0.35798309366661335
0.8497384814788246,0.45293080129787466,-0.25237553217444236,0.2563933510155086
-0.508220165946567,0.8096208724454874,-0.25744757161804444,0.013712440472236041
0.0,0.0,0.0,1.0
0.10496587316198158,0.34083310368769654,0.9329596257307731,0.3533643996026333
0.7739616903436792,0.5520653128950017,-0.28488945353271977,0.29289653178831787
-0.6085174423550829,0.752136063033723,-0.20314178978696468,0.021255832062907855
0.0,0.0,0.0,1.0
0.14606572670668516,0.31480517296349886,0.9358692378759199,0.3438712210947007
0.6773991435279325,0.6492953736085718,-0.3171638146060667,0.3487329394520754
-0.7038663615800478,0.6847092970450614,-0.11738963905013282,0.03699293216613364
0.0,0.0,0.0,1.0
0.199718683445208,0.29412822184566445,0.9339451160773606,0.32750472994265734
0.5812431883254277,0.7260121455358965,-0.34738244737246105,0.4156612608489946
-0.7773120754910279,0.6174196962001426,-0.023123333252227863,0.055969143926034984
0.0,0.0,0.0,1.0
0.23746559504580048,0.2868242817812482,0.9284316180692512,0.3077002020529964
0.513541797313205,0.7709433663724394,-0.3670573013139482,0.46465719194042765
-0.8219261801065347,0.5661721146986886,0.038030599536282295,0.06621795884647123
0.0,0.0,0.0,1.0
0.2567941915293538,0.27838026617737893,0.9257891195934758,0.2909029078908263
0.4686883018487289,0.7994414104806734,-0.3682324415920321,0.4824626261498507
-0.8453549669727936,0.5287231049531682,0.07360662293078965,0.06594619193337917
0.0,0.0,0.0,1.0
0.27021061396287904,0.26578763391919136,0.9260562222288855,0.2736508477123009
0.4341701984517744,0.8216297639257472,-0.36138173932222456,0.4885552932815881
-0.8580902649677464,0.4997226618510997,0.10606914538882983,0.06435476036809971
0.0,0.0,0.0,1.0
0.26828239713533186,0.25403241500351514,0.929958357996292,0.26132672497533826
0.4227695865080272,0.8325859987692832,-0.34954604934570127,0.48849343299141
-0.8631715669659368,0.48765065742486724,0.11800276063122726,0.06206463886748331
0.0,0.0,0.0,1.0
0.26961133145484095,0.23955140257068586,0.9334938420355543,0.2575361219767971
0.4302391384302397,0.834022899491754,-0.3371373830835457,0.47899687874985913
-0.8606146763316668,0.4941899494770262,0.12368390278777976,0.05816965910412123
0.0,0.0,0.0,1.0
0.2819077203791643,0.22468137984825626,0.9329596257307731,0.26014171871204067
0.442569071724562,0.8303932306187034,-0.3311764896182916,0.46450403045794486
-0.8515240633145486,0.5085256085266364,0.13588778692900222,0.053759378575627736
0.0,0.0,0.0,1.0
0.2860838557235759,0.21638251221724142,0.933498198698734,0.27011636008017803
0.462825331575926,0.8199973233875077,-0.3291511386763105,0.4484754690674715
-0.8391071618045515,0.5268134279632408,0.13652709992790546,0.047280453332073966
0.0,0.0,0.0,1.0
0.2768039124514796,0.2154040661802874,0.9364534677663272,0.2834125973849496
0.48276560810213553,0.8095101023114192,-0.3269199522893208,0.4327098941952514
-0.8323879297090605,0.5416001666782544,0.12392742336008437,0.038330055337483446
0.0,0.0,0.0,1.0
0.26169281882939344,0.22638854893110855,0.936409149150127,0.29267977183815336
0.48873754976180006,0.8046179832001688,-0.331040993491275,0.42733993103389534
-0.8336808263885198,0.5451923558343736,0.10311987332962316,0.03237306907739826
0.0,0.0,0.0,1.0
0.23642267958062668,0.25758162384968014,0.9329126305020805,0.29459678171198567
0.4899533465157486,0.7988771971416317,-0.3462843705070411,0.4321399679589879
-0.8393727897996385,0.5410758076296758,0.06130642710995898,0.03093927531580507
0.0,0.0,0.0,1.0
0.2101539976332905,0.2891344535548006,0.9299543430775536,0.290904532132808
0.49698936412179595,0.7899570196900458,-0.35901015299023264,0.4397264196292221
-0.8428209749127462,0.5395960629313276,0.01832554634280387,0.03169899827395281
0.0,0.0,0.0,1.0
0.2092652434328684,0.302944415249586,0.92650046299502,0.2864017812429505
0.5022810636385393,0.7806312251191,-0.36991304281828685,0.44514611435163687
-0.8394587504195468,0.5445320225802603,0.009447871122654205,0.03240369388395866
0.0,0.0,0.0,1.0
0.22868733076580933,0.3089623666100998,0.9205882448091458,0.2849596434645927
0.49936877488090003,0.7736848413072583,-0.3863098054677572,0.44750548074785157
-0.8346706733982872,0.5477933596744793,0.02286608468038686,0.032281498897735336
0.0,0.0,0.0,1.0
0.23864843445088152,0.3166655453355677,0.9166417904255391,0.2869290503395614
0.49408109028289515,0.7712651268506923,-0.39800931582838134,0.44704847404785486
-0.8361005408450859,0.5449779433970823,0.025881146298058617,0.03125999922141408
0.0,0.0,0.0,1.0
0.2279761817406681,0.3212927603453827,0.9182101723562879,0.29132613903225224
0.49300126773448105,0.7736835030010121,-0.3950580616795265,0.44274324349401806
-0.8416167154656876,0.5408029989908785,0.015832088869468283,0.028836958445385995
0.0,0.0,0.0,1.0
0.21754047095845158,0.3136709691323173,0.9224210527628123,0.29688498677737707
0.49336222449319944,0.7805842298904074,-0.3830026060407272,0.43722379157187996
-0.844839428913132,0.538610094506222,0.01570364808604678,0.026112083763365518
0.0,0.0,0.0,1.0
0.2154818495946806,0.30175536628371435,0.9263648305339267,0.30050756575823034
