-0.3382533027407957,-0.31602887481164904,-0.5070095904193727,0.002515068634932902
-0.4328240221497615,-0.27094242790689504,0.014458136768874502,0.34107832634415247
-0.007879809339375127,0.545970679675978,0.21809539268076883,0.061078454804185056
0.0,0.0,0.0,1.0
-0.27292660884701897,-0.510333990753868,-0.056784406970336314,-0.10535448113539207
-0.04956028829798259,-0.03663144587701077,-0.027054224034507524,0.37919309243754906
0.051921124625401716,0.23270497709780175,0.17705162476312522,0.08642449054400936
0.0,0.0,0.0,1.0
-0.252717494763974,-0.2625943704353404,0.2197010098415397,-0.11217142540578713
0.2564479371890568,0.28429487806703724,0.3136303560145373,0.2241747605373739
-0.014376510802150078,0.11750317675762437,-0.1047469976169649,0.0945222440259218
0.0,0.0,0.0,1.0
-0.3480851633750299,0.38790555108099434,0.11118312264103142,0.07490566513126803
0.4775819152764354,0.40387566055232826,0.6072293553950111,-0.005367709275355539
0.24108201961372155,0.19420027023386036,-0.4911453340148061,0.12860812633586965
0.0,0.0,0.0,1.0
-0.4328359800520249,0.7903737146887373,-0.030153083721435023,0.22051866825727462
0.6046631429027987,0.3910754968726861,0.6680192381688216,-0.10854390815309328
0.5348697381289315,0.24907537627554224,-0.6927595098783526,0.16417029635187988
0.0,0.0,0.0,1.0
-0.45436719133453074,0.8784788654848563,-0.07541631627910082,0.24860507688638278
0.6182080006719177,0.3818131868774407,0.6841829107472459,-0.12186479361389771
0.6288408846690461,0.26262898774327625,-0.7202886778530562,0.17610201458593738
0.0,0.0,0.0,1.0
-0.46578196979687475,0.8803597321024117,-0.0829961629859548,0.24752263866014657
0.6036517063713909,0.3854768377132074,0.696455690819727,-0.11857564350014085
0.6451702877174834,0.2741386261537873,-0.711323723457502,0.17869001316560737
0.0,0.0,0.0,1.0
-0.4848264641447054,0.8700020872206209,-0.08464977637252413,0.25538866651619324
0.6046112942646837,0.404132793760505,0.6849538000859648,-0.1136383366288799
0.6306092064261452,0.280617355211901,-0.7223745960081576,0.17995741949091132
0.0,0.0,0.0,1.0
-0.5017939262316886,0.8580219730443808,-0.1025638096515619,0.2682071925697299
0.6012995708603789,0.4321922523881897,0.6706824762221417,-0.10701097701108361
0.6207297831550556,0.2754507639487283,-0.7333951399273022,0.18319205860315668
0.0,0.0,0.0,1.0
-0.5138543159604735,0.8461965066823565,-0.1353461937903817,0.2798719623820689
0.5787747983040871,0.4594389696415917,0.6724676842913213,-0.10275908348558371
0.632017759405652,0.2683484020113863,-0.7264417085485042,0.183508207452739
0.0,0.0,0.0,1.0
-0.5216860595456341,0.8380530488262729,-0.15676706453912997,0.2865563757029874
0.5588886531475195,0.4750901520394256,0.6789356454672697,-0.10436360179388332
0.6437692618274494,0.2671307189973998,-0.7167188855229765,0.17742778172271217
0.0,0.0,0.0,1.0
-0.5152445292889485,0.8423687704667893,-0.15244982221367154,0.2869289020465826
0.5638992044322046,0.4678181423717027,0.6793981063985227,-0.10928941041848655
0.6441373685916312,0.26457044781709776,-0.717382173402825,0.17289023936750558
0.0,0.0,0.0,1.0
-0.4884072355473018,0.861237296931366,-0.13072766703538635,0.2818109205805336
0.5869453387344241,0.43599124773642894,0.6803987802598577,-0.11479372540973276
0.644147484258849,0.256097426424716,-0.7204729433694732,0.17241679830378964
0.0,0.0,0.0,1.0
-0.46457604452563667,0.8786840016325713,-0.10165407952057823,0.27890930982024903
0.6050355746211205,0.39926558294266723,0.687726051161166,-0.11799001084668789
0.6459388529157188,0.2582261876103054,-0.7180883398749107,0.17192320321639357
0.0,0.0,0.0,1.0
-0.4549599469775413,0.8866381595818211,-0.07783980787212705,0.28338092456635056
0.613122077874003,0.37540268969084856,0.6946530954987042,-0.11818209314458406
0.645567538486178,0.26840528991477386,-0.7146831615988364,0.1703224524949678
0.0,0.0,0.0,1.0
-0.4467626044639754,0.8914296102391546,-0.07195802159445949,0.2916871931953926
0.6207911157464425,0.3668057739375131,0.6925744182501581,-0.11702712208754051
0.6439722423807405,0.26476363684420307,-0.7173814908701907,0.16997463704004911
0.0,0.0,0.0,1.0
-0.44366663909444903,0.8925809971080074,-0.07699352140668513,0.2991221503612752
0.6279517370818108,0.3710315208621324,0.6838513228309725,-0.11676482429478062
0.6391242168635185,0.2549898871852334,-0.7251562548725601,0.17247016550969882
0.0,0.0,0.0,1.0
-0.4482705275965054,0.8906116071060061,-0.0735736769995446,0.3035565419498345
0.6295381835019215,0.3731526209970936,0.6812613683905048,-0.11928116404946267
0.6342858779788769,0.25899264539652267,-0.7280125772978574,0.17532613842653946
0.0,0.0,0.0,1.0
-0.454112417447397,0.8883378291197394,-0.06475737436454117,0.3058853536061005
0.6224792791075966,0.368390035281851,0.6900973688580155,-0.123712653381029
0.6369101016579066,0.2731072647217571,-0.7204058384897836,0.1755840852341141
0.0,0.0,0.0,1.0
-0.46541247812130565,0.8827385610569146,-0.060400621349915556,0.307415008632294
0.6060484090600834,0.3675872172499354,0.7046873766341937,-0.12703947550216577
0.6441997209806414,0.29172821094276113,-0.706318938720562,0.17498442492273555
0.0,0.0,0.0,1.0
-0.4758406594079583,0.8773350458944107,-0.05877860177739004,0.30467929926209003
0.5890797415040471,0.36764350507221966,0.7189751799008447,-0.12940348580218758
0.6524461014229929,0.307877903733612,-0.6919191494749377,0.1760851040005154
0.0,0.0,0.0,1.0
-0.47918387361572323,0.8760187340242604,-0.05204925453054365,0.2976649630708617
0.5816789020648802,0.36146509930723214,0.7282974737954713,-0.13233810999043785
0.6569322715992698,0.3189164307618727,-0.6828242144473216,0.1778823120687153
0.0,0.0,0.0,1.0
-0.4801254782841118,0.8756092562428711,-0.05106618411326815,0.29148689051591536
0.573417323295673,0.3574353473056941,0.7369055847438479,-0.1351281081512548
0.6635694924954756,0.324659021034574,-0.6737381496913815,0.1790127525417383
0.0,0.0,0.0,1.0
-0.48214184617748357,0.8738867480579181,-0.060325959485446015,0.29184642437148606
0.5639538324399495,0.36237620269550874,0.7418855754563853,-0.13594867365173066
0.6702946319208007,0.3237734097067343,-0.6676291491742388,0.17898997835367647
0.0,0.0,0.0,1.0
-0.48239231152903506,0.8730953336164444,-0.0689685948013806,0.2943439356136572
0.5611728585248679,0.36855477901106676,0.7410023746942466,-0.13566421064840478
0.6724293669284311,0.3187924598072022,-0.6678757995400024,0.1788739573457187
0.0,0.0,0.0,1.0
-0.4719804751927722,0.8782954676191198,-0.07317588070004605,0.2921958073456624
0.5662159381687759,0.3657627794873167,0.738534556681033,-0.13585552796966677
0.6753885010693297,0.3071478691736109,-0.6701898176215259,0.17946016506949808
0.0,0.0,0.0,1.0
-0.45379696295036165,0.8875435566942957,-0.07650315056063699,0.28982089645539166
0.5724981546133248,0.3563769506017628,0.7382908022208399,-0.13607240911510227
0.6825050783926057,0.29120770814434604,-0.6700821249306843,0.17931405904910985
0.0,0.0,0.0,1.0
-0.4382954194571216,0.895136548605596,-0.07976257808262793,0.29128364589648126
0.5743890029457076,0.3473848117373243,0.7411154245425019,-0.13583643951377655
0.6911045579076469,0.2789809741330006,-0.6665218800908768,0.1777183897592729
0.0,0.0,0.0,1.0
-0.4278383888791906,0.8999112027234952,-0.08338588835938421,0.2912772250676435
0.5737527387034794,0.34184054736788116,0.7441607559746803,-0.13608468616008917
0.6981783633250482,0.27052407079845964,-0.6626226077861554,0.1763644936259676
0.0,0.0,0.0,1.0
-0.42595339566679347,0.9007775447787585,-0.0832510392253417,0.2879272719451501
0.5794248320219075,0.3425532795932068,0.7392654335542888,-0.13716569000362208
0.6944392068685538,0.26660710390069636,-0.6679211841011661,0.17652966494559716
0.0,0.0,0.0,1.0
-0.4370603196303361,0.8956769087749071,-0.07904255757231415,0.2871850936365128
0.5890203455498855,0.3519373923898309,0.727096369562692,-0.13762125563353428
0.6791043826189338,0.27107671835803404,-0.6816229561495197,0.17715376640725927
0.0,0.0,0.0,1.0
-0.45093346263432255,0.8889214293326071,-0.0780603396195146,0.29065587120004244
0.592934689141243,0.36400181310999236,0.7180958945787972,-0.13691700092061165
0.6667897245717473,0.27743467102525443,-0.6914184356638504,0.1775438589860077
0.0,0.0,0.0,1.0
-0.4571119814013156,0.8856084270017893,-0.0804116574824835,0.2928038422446754
0.593664863167955,0.3713884218788608,0.7137685560534722,-0.13564894202148198
0.6620039996093992,0.27849382820021207,-0.6955992759927707,0.17877290331446338
0.0,0.0,0.0,1.0
-0.4661669312120562,0.8810890614387106,-0.07603753477339256,0.29438644059534147
0.5986041876851897,0.3781237333486963,0.7059230020444028,-0.13301338524277884
0.6507371332157321,0.2835088165678338,-0.7037443631198155,0.18220953685562458
0.0,0.0,0.0,1.0
-0.4803281853888247,0.8744129168453496,-0.06437089172576659,0.2978365416874545
0.607370434472233,0.3852359804429185,0.6945249920272615,-0.12992478091543258
0.632099576105932,0.2944755431474174,-0.716158195118537,0.18629348228909043
0.0,0.0,0.0,1.0
-0.4885036756588852,0.8704563419368414,-0.05929835647618504,0.2994356281724019
0.610975608075246,0.3899343983311373,0.6888796233662258,-0.1303721947341791
0.622771631022129,0.30029812319695726,-0.7223237928956996,0.18637954997802614
0.0,0.0,0.0,1.0
-0.49137043985463336,0.8686886053976669,-0.062300717985778166,0.29833871367858206
0.6089681366978308,0.3938620042199955,0.6884553672057492,-0.13448335419101945
0.622611682807561,0.30036888625658664,-0.7225494576216849,0.1827092937804507
0.0,0.0,0.0,1.0
-0.49373130889995154,0.866957191257127,-0.06734320212617526,0.298089045127985
0.6052334344709367,0.3982361156933699,0.689206880653479,-0.13816421844124227
0.6243525872285076,0.2995659187053932,-0.7213601710657076,0.17968870264708575
0.0,0.0,0.0,1.0
-0.4957129040402919,0.8654488877075819,-0.0713233066205286,0.2987918677719159
0.5992689892481764,0.40036427314912393,0.6931108601495469,-0.1398125504038048
0.6284313113231312,0.3008831640945444,-0.7172049145519752,0.17845788241063165
0.0,0.0,0.0,1.0
-0.4919334523860261,0.8676234291837753,-0.06888073048987964,0.2967800893680641
0.5968609291713337,0.39387164977528066,0.6987371541458831,-0.14102916724221004
0.6335042783185691,0.30263537524719875,-0.7119561946825786,0.1791428073943129
0.0,0.0,0.0,1.0
-0.47979987801767,0.8750245755459539,-0.05923769448622604,0.29348224658416955
0.6020676072768192,0.37771778862769056,0.7031193228373278,-0.14111276556815716
0.6378563700600381,0.3017344666182816,-0.7084562209722689,0.18264506692843818
0.0,0.0,0.0,1.0
-0.47078019303783236,0.8807403742666372,-0.04840349896010358,0.2958338547931964
0.6075890399453155,0.3635723828024489,0.7060048108432957,-0.13866318945567171
0.6395331149523159,0.30298158077398607,-0.7064424620777044,0.1869582394804461
0.0,0.0,0.0,1.0
-0.4678910325577951,0.8825493337418558,-0.044034607966370626,0.303617799885732
0.6100295900993197,0.35870083605734016,0.7064605194359224,-0.13719459193911315
0.6393034569625028,0.3036498511739265,-0.7063358036637061,0.188660381873336
0.0,0.0,0.0,1.0
-0.4634016676879217,0.8847156061982269,-0.045261096380163734,0.3093552379131489
0.6121627639773957,0.3568089300882808,0.7055260754193298,-0.13848567051291064
0.6403235203313895,0.29915885527553887,-0.7071987186856332,0.1884026285860334
0.0,0.0,0.0,1.0
-0.4517080603832563,0.8905738263442458,-0.04861506146029604,0.3081987003427275
0.6146131385244588,0.35038085449001294,0.7066272400396274,-0.14177901297572781
0.6463161262399294,0.28923872154739894,-0.7058826576113064,0.18652858649686643
0.0,0.0,0.0,1.0
-0.4458906885856486,0.8935927032284812,-0.05025793837556872,0.30392551283821373
0.6150000597221799,0.34672501589224874,0.7081676741600966,-0.1456513747682267
0.6502328848941779,0.28483677779445027,-0.7042405896013272,0.18212972341725703
0.0,0.0,0.0,1.0
-0.4496754461614192,0.8917329031150265,-0.05001738735069944,0.30072835705253714
0.6140532283184132,0.3493485268511815,0.7076879888195875,-0.14858348942841557
0.6485512434861028,0.2875164402179065,-0.7047378725037198,0.17700298192573974
0.0,0.0,0.0,1.0
-0.45972334809568544,0.8863614986072518,-0.05154368840473447,0.3006127661998312
0.61036443281181,0.3576333800175104,0.7065918287400839,-0.14956616957811808
0.6447752949616646,0.29343617193003535,-0.7057136342076838,0.17451536008743745
0.0,0.0,0.0,1.0
-0.47814179571804427,0.8760797607816482,-0.055946458727985975,0.303008912683425
0.6000542733352672,0.37259611391725966,0.7075022326179196,-0.14862824209279313
0.6407476453033356,0.3048512931141766,-0.7044502641427899,0.1742673107752032
0.0,0.0,0.0,1.0
-0.4982224407789235,0.8647621677368686,-0.058541357857623336,0.3061689240673392
0.5899697119712546,0.38781248271781243,0.7079221635526152,-0.14664807648467254
0.634928035880731,0.3182404888120921,-0.7038002534518613,0.17508934942722626
0.0,0.0,0.0,1.0
-0.508580134090458,0.8591602179441177,-0.0550142056506742,0.3105823194352423
0.591053098755612,0.39498237665049296,0.7030815319442484,-0.14437867362170992
0.6257943990170325,0.32511457559190626,-0.7087713890039786,0.17845499582486551
0.0,0.0,0.0,1.0
-0.5116296203391988,0.8577887283539682,-0.048692562911424306,0.3171568427925041
0.6027907440320671,0.3988929787582859,0.6905704876664223,-0.14183751232543126
0.6117743525200284,0.3240306271100014,-0.7211653626884957,0.18444820216071722
0.0,0.0,0.0,1.0
-0.5151653388996352,0.8559099338463145,-0.04432053168012358,0.32421290261824065
0.6150506121996071,0.4053127578619509,0.6759619003397493,-0.1395389006762739
0.5965237077381051,0.32099207401323926,-0.7352582863145045,0.18908518646231282
0.0,0.0,0.0,1.0
-0.5197327155692102,0.8532088134120566,-0.042984094553274524,0.3280770785068737
0.6187868615157703,0.410680556311525,0.6695387029707396,-0.13803318282493993
0.58890492793155,0.32139949432828907,-0.7414454212810008,0.19100967586385867
0.0,0.0,0.0,1.0
-0.5183799352555808,0.8539744494393093,-0.042397069561193296,0.32884644925593165
0.6212077480108315,0.410194404131741,0.6675979230545697,-0.1379888558380707
0.5874849959320915,0.31976393471046666,-0.7432889006765959,0.19230798881982697
0.0,0.0,0.0,1.0
-0.5052459800674216,0.8615753318701496,-0.0428159727177646,0.3250943860731398
0.6292421404836737,0.4019843730408803,0.6649438007473661,-0.13975882379533477
0.5900759870190515,0.309040692347594,-0.7456360255992955,0.19505022603445982
0.0,0.0,0.0,1.0
-0.48848795518173527,0.8709426233696163,-0.047775108917111744,0.3153619412191391
0.6369394747502071,0.39355860722921754,0.6626870136022389,-0.14226584244831283
0.5960017019465684,0.29330693078145414,-0.74727609408504,0.19899103044551725
0.0,0.0,0.0,1.0
-0.48253327123348483,0.8734717675574302,-0.06100008669520907,0.30601006444624124
0.635868850391847,0.39748190209338574,0.6613314232589238,-0.1439806371975344
0.6021463462386624,0.2804925594967965,-0.7473449169748286,0.20178019862757302
0.0,0.0,0.0,1.0
-0.48501638111187784,0.8705516826774915,-0.08026676199933665,0.300956031701453
0.6260777452594337,0.4100204466011518,0.6629798231154458,-0.144638801723387
0.6103357277215947,0.2715597190178767,-0.7440047316430902,0.20339013776283243
0.0,0.0,0.0,1.0
-0.48796275600104166,0.8672634800688434,-0.09732321948977987,0.2971231506722818
0.6148760663705595,0.4208552610272217,0.6667646435163507,-0.1445028599655706
0.6193657017878751,0.2656848203696115,-0.7386755989698153,0.205129353467341
0.0,0.0,0.0,1.0
-0.49105601624266215,0.8643261393515039,-0.10791300182246527,0.2943514567502161
0.6082277821847621,0.42897656146037066,0.6677691953157325,-0.14320440579003882
0.6235321823803857,0.26232909405865346,-0.7363980832070818,0.20671111734154246
0.0,0.0,0.0,1.0
-0.49705551690907024,0.8607882674162048,-0.10869485806499621,0.29570372510599957
0.6072912803284094,0.43469363904277547,0.6649482828060915,-0.14154800453189248
0.6196544054320038,0.26450071751434423,-0.7388662458151789,0.20753073509755612
0.0,0.0,0.0,1.0
-0.5031188585483557,0.8581652722343067,-0.10094903165863844,0.3007266904789291
0.6093178665290958,0.43521555540251133,0.6627302614036639,-0.14059696006916717
0.6127475012558512,0.27195396945329375,-0.7419113726045967,0.20621018547317152
0.0,0.0,0.0,1.0
-0.5057096912575234,0.8580880970030287,-0.0872231851252924,0.3071373874572111
0.6139418721244085,0.4291921205176921,0.662367344581938,-0.14017369342287422
0.6059358043445529,0.2814922754685151,-0.7439015048521902,0.20256135547952117
0.0,0.0,0.0,1.0
-0.5117598451478895,0.8558779213616098,-0.0719470944985152,0.31525535696816487
0.6181722668055579,0.4252657865677693,0.6610023084668055,-0.13773946975245394
0.5963747857159957,0.29381868461620414,-0.7467675736683541,0.1989704904545065
0.0,0.0,0.0,1.0
-0.5229544220865951,0.8499201824298843,-0.062265139820992056,0.3251628794009097
0.6181514961467702,0.42864805035912845,0.6588324744141341,-0.13281038606234366
0.5866347445041267,0.306029546046364,-0.7496352017462665,0.19604588565937384
0.0,0.0,0.0,1.0
-0.5305940056383764,0.8453759061694808,-0.06097743370210765,0.33188645489032487
0.6171215766105049,0.43461787532103174,0.6558599391455232,-0.12933210323278072
0.580960070226437,0.3103574971387617,-0.7523480689570012,0.19419585323636634
0.0,0.0,0.0,1.0
-0.5326099904846026,0.8438950408818973,-0.06422643926798197,0.3343309813705374
0.617946814744134,0.4395795162958168,0.6517641095108341,-0.12851693092570923
0.5782754826238059,0.3074463630098174,-0.7556263196350236,0.19370224868204017
0.0,0.0,0.0,1.0
-0.5334174851417661,0.8431732265747536,-0.06673451570981037,0.33392106291289037
0.6166284578300152,0.4416690247800685,0.6515816951720679,-0.12861810745618754
0.5789193421982378,0.3063965587930646,-0.755570593927843,0.19331224286018445
0.0,0.0,0.0,1.0
-0.5358847803631974,0.8413960156610686,-0.06848436759436166,0.3328174428257916
0.6138131746647184,0.4440773232788663,0.6525194068352058,-0.12756026333207615
0.5795530692441939,0.30757751924669896,-0.7545767549842761,0.19280918021043578
0.0,0.0,0.0,1.0
-0.5370216527289946,0.840223150663655,-0.07279826718679218,0.3326693186944306
0.6134138205871164,0.44840130549198587,0.6498993293342917,-0.1253590992827639
0.5788164441434571,0.3042828851028675,-0.7564326721911139,0.19222790025640432
0.0,0.0,0.0,1.0
-0.5272030594071706,0.8461625881001793,-0.0745673028935723,0.3321351818835593
0.6181761153385559,0.44242557040250513,0.6494174007464983,-0.12480845888811991
0.582627966461573,0.296251161319384,-0.7567010360126627,0.19108529232078458
0.0,0.0,0.0,1.0
-0.5128610094570536,0.8555141180908503,-0.06826763195506816,0.3311136929847869
0.6265735595393495,0.4276157691098598,0.6513110896799098,-0.12587130239695626
0.586565020375602,0.29131010246064204,-0.7556432211671192,0.18981822040102608
0.0,0.0,0.0,1.0
-0.5049600621456948,0.8609406636991053,-0.06026663042995786,0.332198555325647
0.632908162305728,0.41689231140986965,0.6523033916970242,-0.12653205978435678
0.5868026740364709,0.2912917671064302,-0.7554879345768841,0.18871483059390382
0.0,0.0,0.0,1.0
-0.5020675106322758,0.8626136316130235,-0.060966923650782885,0.3325949438174434
0.6332162616616512,0.41475233018782787,0.6534197625111712,-0.12719920009180033
0.5889862411180613,0.28949694428513717,-0.7544619804767568,0.1878687697051938
0.0,0.0,0.0,1.0
-0.5012775849542657,0.862473080133787,-0.06894796460013335,0.3300428009513652
0.6284225128361929,0.4177240884175306,0.6561147731760162,-0.1285094251895904
0.5947275855126503,0.28562920386112806,-0.751404995276921,0.18777085185257883
0.0,0.0,0.0,1.0
-0.5021085532629158,0.861434342152785,-0.07577833042066905,0.32875029170906817
0.6203893079672554,0.4198986385680007,0.6622648481196374,-0.12965320925982804
0.6023370252420253,0.2855738846171611,-0.7452990091590339,0.18730685328601215
0.0,0.0,0.0,1.0
-0.5014379435548456,0.861543405246135,-0.07874920567831989,0.33168356833815504
0.6114409731877779,0.41735491138441383,0.672048889452417,-0.13052485774706643
0.6119226527083457,0.2888219155779375,-0.736137536367512,0.18484421640695398
0.0,0.0,0.0,1.0
-0.4957790859320196,0.8649177602055154,-0.07703675724317618,0.33280702899949055
0.6066072191723741,0.4084855802934463,0.6818149075205718,-0.13165714639944442
0.6212889551106997,0.29124624121142206,-0.727334772067111,0.18354981939776727
0.0,0.0,0.0,1.0
-0.4865302561007814,0.8705073886001847,-0.0718558484959131,0.3308282450646477
0.6082670345877599,0.3967004346357786,0.687251611572524,-0.132479982437204
0.6268926666810543,0.29067850251060323,-0.7227960999084317,0.18416057550027892
0.0,0.0,0.0,1.0
-0.4789721008334492,0.8751105102314022,-0.06661720004733415,0.3289985255933523
0.6120088576111803,0.3874283145916664,0.6892526312444893,-0.13263188472259618
0.6290758192986938,0.2894054001054207,-0.721418343864579,0.18527500897606558
0.0,0.0,0.0,1.0
-0.48196059717248063,0.8735387122329639,-0.06646682632055674,0.32820888680560123
0.6100823288278168,0.38909881243738587,0.6900842930392779,-0.13327328642412062
0.6287346092144327,0.29208180302342845,-0.7206471575636431,0.18570967028953958
0.0,0.0,0.0,1.0
-0.48868482889081555,0.8696250869095543,-0.06955423206016126,0.32552041960298805
0.6052266176059201,0.3953581604400538,0.6908640336341013,-0.13583671152731466
0.6283239670631262,0.2955456426223766,-0.71960679432971,0.1854115270664835
0.0,0.0,0.0,1.0
-0.4925693236778074,0.8673443543087201,-0.07092267610966871,0.32133892639524864
0.6012175073294241,0.3980917716931792,0.6928085321488322,-0.13847346847063685
0.6291432704494704,0.2986317526033915,-0.7175879445244217,0.18500712300066452
0.0,0.0,0.0,1.0
-0.4980959467954468,0.8641729345700329,-0.07064431870600062,0.31932053095970414
0.5980105214922613,0.40143730321100757,0.6936352187038046,-0.13971532366900946
0.627782391133666,0.30323746070434615,-0.7167942089951045,0.1854278466472099
0.0,0.0,0.0,1.0
-0.5045734446921831,0.8604650451055597,-0.07004837775593581,0.3176996399443288
0.5980928891113388,0.4069737444044239,0.6903410833415772,-0.14014572652777063
0.6225310010961046,0.30640357013513964,-0.7200232883116129,0.1875382580587306
0.0,0.0,0.0,1.0
-0.5074017343083661,0.8587174260806825,-0.07144605194452378,0.3148160448142676
0.5994206893854599,0.4113273312788186,0.6866377132795687,-0.14067509152387225
0.6190234309119597,0.30556458581433676,-0.7234539640977926,0.19007355598967068
0.0,0.0,0.0,1.0
-0.5090812210520308,0.8575582461439228,-0.07354788915153032,0.31395777829870924
0.5992726081016905,0.414491215267213,0.6848764839237853,-0.14082502372181696
0.6178120974678705,0.30458076668961304,-0.7249305450072966,0.1914060408043401
0.0,0.0,0.0,1.0
-0.5114454513714273,0.8560204125332787,-0.07504719044139907,0.31543333725485684
0.598161850494342,0.4173567945236745,0.6841059301772521,-0.1401197317451328
0.6169350464491088,0.30499111411412905,-0.7255053667697406,0.19187046330170382
0.0,0.0,0.0,1.0
-0.5146887432862306,0.8539507463850986,-0.07628524035842366,0.31696865358326387
0.5971203778270009,0.4208848567718323,0.6828398499419632,-0.13902179937883105
0.6152269797842119,0.3058928515677042,-0.7265588998060977,0.19174343720740117
0.0,0.0,0.0,1.0
-0.5197625383543948,0.8507460432425117,-0.07730311665469697,0.31922155419870657
0.595393476094729,0.4256468633898536,0.6813794154815023,-0.13808218908036618
0.6125844165858308,0.30812823838258335,-0.7278159866358643,0.1902826036789087
0.0,0.0,0.0,1.0
-0.5252713008456635,0.8472381133296355,-0.07844894779866776,0.32286227685686175
0.5918600822496711,0.43004206147667634,0.6817001012410568,-0.13744578704746563
0.6112933378014151,0.3116559097268828,-0.7273881524145351,0.18715812397540943
0.0,0.0,0.0,1.0
-0.5245769319430607,0.8473233018935006,-0.08193132998031585,0.3266025382507493
0.5902170032921334,0.431370422711595,0.6822912105985159,-0.1368226805935206
0.6134550552116711,0.30955593337444404,-0.7264451320101506,0.1836283383807768
0.0,0.0,0.0,1.0
-0.520591279553551,0.8496024722019264,-0.08372933797726728,0.33085335549829564
0.5924059026605659,0.4301418873442107,0.6811579248149568,-0.13563467109001498
0.6147242142663164,0.30499051895765744,-0.7272965300124048,0.18054091795682536
0.0,0.0,0.0,1.0
-0.5213401700926779,0.8494864088084273,-0.08013445610659788,0.33662689422475656
0.595066710820479,0.4293435327926739,0.6793120430586764,-0.1318694430560384
0.6114925226539164,0.30643315672962734,-0.7293935021461248,0.17873887883437906
0.0,0.0,0.0,1.0
-0.5265872507018532,0.8467138943420319,-0.07450535951622186,0.3452220027675159
0.5977398433542822,0.4313582274103822,0.6755593434810382,-0.12468457546236572
0.6041874134419623,0.31111081561105947,-0.7333707890225758,0.17944138608810684
0.0,0.0,0.0,1.0
-0.5353014202606021,0.8416499031459277,-0.06973240496449401,0.35360003669255546
0.6039302455388742,0.43940197329673975,0.6646114559751497,-0.11829128011122393
0.590050526359432,0.3135599749648704,-0.7436172039392988,0.18223276504594066
0.0,0.0,0.0,1.0
-0.5399692038822785,0.8391132830825664,-0.06478016187007281,0.3561024319246986
0.6160128851589907,0.4465891841097809,0.6484394171637679,-0.11676171295669036
0.5730255242281921,0.3103232326704102,-0.7581201458681901,0.18520556107402653
0.0,0.0,0.0,1.0
-0.5374449989857506,0.8411413772307403,-0.0586583341603354,0.354216383485502
0.6329224947505652,0.4483751368422363,0.6305370828069303,-0.11769927530380145
0.556623772363424,0.3020034106767401,-0.7735118793726947,0.18734037427148903
0.0,0.0,0.0,1.0
-0.5344907738099143,0.8430936270901535,-0.057011065936351094,0.3522354598434391
0.646864978608731,0.4515586205314438,0.6140007878267405,-0.11804174544587243
0.5434692365212351,0.2914553344982605,-0.7869326766828093,0.18920124158475324
0.0,0.0,0.0,1.0
-0.538645315015124,0.8399478668388083,-0.06383847212492463,0.3501907363656125
0.6476029438525798,0.4613659834380949,0.6061075342077848,-0.11825779522669945
0.5386917739635237,0.28523735751933366,-0.7926611562244148,0.19157227871910137
0.0,0.0,0.0,1.0
-0.543507024775506,0.8363870484224873,-0.07021806539427264,0.3492578072042496
0.642786627865703,0.4685965234231011,0.6058770252942389,-0.11798106460334157
0.5397045490454238,0.28423680147146796,-0.792373063614776,0.1945165643046962
0.0,0.0,0.0,1.0
-0.5448759139433889,0.835763227945604,-0.066931547814684,0.3509214812821996
0.6442996300940916,0.46851895312200076,0.6043776975071484,-0.11667745992357145
0.5365087271141035,0.2862551034150155,-0.793781232313183,0.19611749778359688
0.0,0.0,0.0,1.0
-0.5469802510315093,0.8351216072501015,-0.05658420563218826,0.35203565475758025
0.6499329848659178,0.4664362538445864,0.5999528027721974,-0.11609379891546483
0.5274516617392853,0.29143047182430076,-0.7979121515872637,0.19572013217347511
0.0,0.0,0.0,1.0
-0.549613209889137,0.8339512592321521,-0.0483482535495036,0.34986031026562175
0.6533591722313461,0.4652719604984433,0.5971544734043925,-0.11690982517795748
0.5204984364361431,0.29661341301345845,-0.8006064929775092,0.1958520806167095
0.0,0.0,0.0,1.0
-0.548860251318597,0.8345774389764337,-0.0466719956701219,0.3468707289711448
0.6527796888638182,0.46286804846158713,0.5996366219833636,-0.11716731853835355
0.5220457302564281,0.2986401966437622,-0.7988636962168953,0.1976476369086539
0.0,0.0,0.0,1.0
-0.546673293804472,0.835864455644806,-0.049200289719204704,0.34619336517949684
0.6490139343917107,0.4601653492486859,0.605748362507816,-0.11484340513288166
0.5289613168583034,0.2992268226440268,-0.7940678879072783,0.19917344334507198
0.0,0.0,0.0,1.0
-0.5459750139129042,0.8359707360130275,-0.054536820440980856,0.3477884609235839
0.6424014044185926,0.4595888744814726,0.613112489315959,-0.11053824107797122
0.5376040146219896,0.2997836776370031,-0.7880008437723833,0.1980402098934239
0.0,0.0,0.0,1.0
-0.5488129994711073,0.8337254983151161,-0.06025901079197393,0.3478501431716126
0.6318024430919434,0.4609221381128441,0.6229515629836383,-0.10832097390267025
0.5471267634743872,0.30391328737238393,-0.7797684052236125,0.1940429648644898
0.0,0.0,0.0,1.0
-0.5512315950435909,0.8319604905071558,-0.06290679622789064,0.34680959413698287
0.6218140116137294,0.4599101090348876,0.6337279852395599,-0.1087547928930033
0.5561597330181112,0.3102518076468429,-0.7708658688110936,0.1899242406209517
0.0,0.0,0.0,1.0
-0.5494886699951242,0.8331469513617389,-0.06227428476899091,0.34636745476281217
0.6189688367109102,0.45602646943889336,0.6393911468335305,-0.10980196390403946
0.561110230996982,0.3128049855041521,-0.7663107419956612,0.18858894963445155
0.0,0.0,0.0,1.0
-0.5435673661244047,0.8370733703592977,-0.06108266266491483,0.3451821770707144
0.6222163759992483,0.45075631604635713,0.6399880557569673,-0.11155406616056132
0.5632489197963684,0.30987464825338673,-0.7659319687414836,0.18862982478347323
0.0,0.0,0.0,1.0
-0.5371045143932176,0.8411739905404081,-0.062109106737178246,0.3430276564366052
0.624158754735491,0.4459209904759429,0.6414909069332403,-0.11352022786403054
0.567296307731968,0.30577999070602113,-0.7645833628428397,0.18788011287599818
0.0,0.0,0.0,1.0
-0.5356938435302198,0.8419146711662133,-0.06458546401957843,0.3413696944590779
0.6205320893997107,0.44440230180802276,0.6460165370545279,-0.11376623797829219
0.5725841151636795,0.30602380880922303,-0.760524855154362,0.18658788820893996
0.0,0.0,0.0,1.0
-0.5376048208922123,0.8405494943020653,-0.06630498277960517,0.34114402972295355
0.6157001286654935,0.44510530057391656,0.6500780853143476,-0.11292544711221207
0.5759294437433664,0.308745347579685,-0.7568543985371877,0.18527851744375162
0.0,0.0,0.0,1.0
-0.5368998585208874,0.8412122775799908,-0.062288999407569184,0.34380376767389714
0.6206407634813403,0.44404482309643944,0.6458127131487784,-0.10978773966885236
0.5709290351055497,0.30834524305588346,-0.7606341164018509,0.1853338325511414
0.0,0.0,0.0,1.0
-0.5305325825970049,0.8458231108544207,-0.052266243811159255,0.3426244888288762
0.6359091584030787,0.43820216425459235,0.6347485305202728,-0.10583960278484955
0.5598223132740492,0.3038045274604712,-0.7706203085038689,0.18825718679963097
0.0,0.0,0.0,1.0
-0.5277589445974223,0.8479854842906777,-0.044571687606019136,0.33334872486045297
0.6462556253412862,0.4352661297254823,0.626492768742185,-0.10547829016630685
0.5507087288530411,0.30182755473749484,-0.7780189676419365,0.19245530491304952
0.0,0.0,0.0,1.0
-0.5357558109914708,0.8431647924409085,-0.04124059695426255,0.3284279766705489
0.6470553164320658,0.4416419675789581,0.6213091609296657,-0.1063687710847846
0.5421194342581064,0.30609823393805086,-0.7824259002600455,0.19471600106412212
0.0,0.0,0.0,1.0
-0.5429408889940239,0.8387215127090099,-0.04063531716880033,0.3301601213435353
0.6441067526360565,0.4470565504497406,0.6206102657553481,-0.10589454437185185
0.5386949200955677,0.31077423040915114,-0.783031043419241,0.19464999761441276
0.0,0.0,0.0,1.0
-0.5459613878190869,0.8366245599688326,-0.043255217598495765,0.33278253763038795
0.6380581545618004,0.4487336102340276,0.6255449927802312,-0.1042729864715553
0.5427577831026839,0.314013619020879,-0.7788997007137342,0.19374002615760927
0.0,0.0,0.0,1.0
-0.5521216087471825,0.8320778047384847,-0.04953063712049124,0.33374549932686676
0.6259369902324646,0.45305840625007177,0.6343486726610231,-0.10368361728647613
0.550278240172939,0.3195086096524353,-0.771283651720085,0.1932053321637362
0.0,0.0,0.0,1.0
-0.5628287541008045,0.8244322344627479,-0.05638026795878917,0.3335022803275336
0.6106254723519877,0.46082340723814474,0.643647843048323,-0.10547669422042921
0.5566397377720358,0.32809023261318515,-0.7630931051586918,0.19283225269952464
0.0,0.0,0.0,1.0
-0.5679824400846939,0.8210354056569893,-0.05586193237147033,0.3351104647412967
0.6051419613531785,0.4626973462178605,0.6476851959979671,-0.10722277485585655
0.557652616642758,0.33419673990873333,-0.759759186607619,0.19207035657684757
0.0,0.0,0.0,1.0
-0.564904182935555,0.8236236962513745,-0.04861430338579508,0.3372322059630136
0.6119298851363189,0.4577787054727367,0.644804372828939,-0.10853756913048608
0.5533581701278737,0.3346309580171104,-0.7627022663036025,0.19198664012282196
0.0,0.0,0.0,1.0
-0.5586611909824427,0.8281356908989065,-0.043736539906811256,0.33603312606319535
0.6206630908271435,0.4525151020020317,0.6402081274435532,-0.11058558273371802
0.5499640612901588,0.33055577121901714,-0.7669066236773856,0.19295866632110464
0.0,0.0,0.0,1.0
-0.5491406941980908,0.8342425883960434,-0.04521921146609588,0.3329690202192678
0.6257096443417398,0.4466098528604931,0.6394225531076168,-0.1129734662704666
0.5536034483654841,0.3227656835804017,-0.7674771338725385,0.19323347842916777
0.0,0.0,0.0,1.0
-0.5333033675305979,0.8441089304671465,-0.0498143775357952,0.3298251087316596
0.6294694062149249,0.4357608471441808,0.6431486442615522,-0.11538282899850591
0.5645807902560412,0.3115183804652184,-0.7640552464199217,0.19224108544365248
0.0,0.0,0.0,1.0
-0.5235703244332024,0.8502904790753626,-0.050277744941121645,0.3308671386917996
0.6304238362870036,0.4265212810878981,0.6484472402799506,-0.11618259682982718
0.5728013440726033,0.3077699496892997,-0.759534767680637,0.19036729958534931
0.0,0.0,0.0,1.0
-0.526798361185677,0.8484679363724302,-0.04775407833394862,0.3373787449625555
0.6260468719999653,0.42542310014991025,0.6534047528585452,-0.1134283230982802
0.5746796018145564,0.3143292154130338,-0.7554435762157481,0.18759098461177987
0.0,0.0,0.0,1.0
-0.5266737257029683,0.8483204115983328,-0.05047069818752782,0.34170592516598874
0.6222653036884725,0.42541670978461643,0.6569933895372657,-0.1103254997447362
0.578797630034939,0.3146061416793974,-0.7521447765337304,0.18490959883129743
0.0,0.0,0.0,1.0
-0.5176710171429517,0.8532771216444057,-0.059080178704033905,0.34020391691572127
0.6228266942417557,0.4233894336013719,0.6577680971226418,-0.11093985720761634
0.586303299268944,0.3036984478502933,-0.7508137652654588,0.18297785963815283
0.0,0.0,0.0,1.0
-0.5123414421390964,0.8558778369662902,-0.06893288181180512,0.33562697597917157
0.6228582226587207,0.42569368843461025,0.6562876010722912,-0.11435391038300363
0.5911085300561667,0.29331452756308335,-0.7512875039793219,0.1823882592134862
0.0,0.0,0.0,1.0
-0.508102433656261,0.85792773990067,-0.07494283016953343,0.3286505379916168
0.6229747535070651,0.42623655054018933,0.6558434599075738,-0.11737300951111088
0.5946206361341868,0.28654361438834053,-0.7511417049340543,0.18353894928592696
0.0,0.0,0.0,1.0
-0.5037195187100159,0.8603771146104084,-0.07642027362215753,0.32116788036244054
0.6227214274591143,0.4230108967048485,0.658153544079178,-0.11939702576492033
0.5985712644526955,0.283941644225592,-0.7489652067879754,0.1849073919542447
0.0,0.0,0.0,1.0
-0.506344201538935,0.8590343674240467,-0.07415473872552922,0.31616842203800544
0.6197138094922185,0.4223423671759865,0.6614318631284989,-0.12128492715437353
0.5994888055413443,0.288969085126072,-0.7462914546727073,0.18549992863335796
0.0,0.0,0.0,1.0
-0.5076581611142883,0.85853692076739,-0.07084257904973318,0.31166413143343097
0.6191060631776886,0.42079252838832054,0.6630019109095737,-0.12307859859274614
0.5990135583327314,0.29271118191130685,-0.7452314424484525,0.18619502456891301
0.0,0.0,0.0,1.0
-0.5028469385383701,0.8614539432879836,-0.06993511347984824,0.30663542857627546
0.6209231022887383,0.41636693911563755,0.6641023664023693,-0.12420880496957257
0.6012115094333537,0.2905034109731522,-0.7443475733741443,0.18657297373264042
0.0,0.0,0.0,1.0
-0.5018824506502665,0.8619775540450139,-0.07087009898185143,0.30407202876497635
0.6202943694737442,0.4158385513335904,0.6650260476582311,-0.1247732405124673
0.6027255459290471,0.289809604925078,-0.7434339780035186,0.18576315544759794
0.0,0.0,0.0,1.0
-0.50428850051994,0.8603023479538577,-0.07418124670789968,0.30453333397559346
0.618281421509095,0.4197062083659939,0.6644678702257514,-0.12490772802057737
0.6028029191859893,0.28923269040128746,-0.7436038544778578,0.18424653998486698
0.0,0.0,0.0,1.0
-0.5024458512248039,0.8611132230853392,-0.07718835502963291,0.3059046696560197
0.6198648538475475,0.4210116149931473,0.6621496191346989,-0.12439109337228546
0.602690521578393,0.2848707360969529,-0.7453605337727105,0.18280958077639525
0.0,0.0,0.0,1.0
-0.49842009948535404,0.8633534872563677,-0.07832104515462363,0.30648435697499377
0.6244139716750943,0.4201898353812392,0.6583747883817679,-0.1235297756638124
0.6013340456818426,0.27926034889663237,-0.7485678109676384,0.18138815643829637
0.0,0.0,0.0,1.0
-0.4975756539641468,0.8635271886627918,-0.08168709552572705,0.3063187268138141
0.6255384559844067,0.4225071936565692,0.6558189097374669,-0.12303048173606082
0.6008592640482806,0.2752357318923918,-0.7504247146369301,0.1795142415623669
0.0,0.0,0.0,1.0
-0.4958306813504516,0.8638929668556237,-0.08789775124081944,0.3049132094129241
0.6215500088326986,0.4238527869762898,0.658691133126537,-0.12350363391886568
0.6063116366417086,0.2719769314869561,-0.7471464460398518,0.17768348161592604
0.0,0.0,0.0,1.0
-0.48849350642416334,0.8676014388923581,-0.09204610560706337,0.3010577673602852
0.6187246049360839,0.4189332135898845,0.6644408866982239,-0.1241636749067914
0.6150515554903531,0.2676254994374373,-0.7415543863413894,0.17599131840448654
0.0,0.0,0.0,1.0
-0.4798991652717134,0.8724694178994824,-0.09144443676260618,0.29620880380885034
0.6198303435626289,0.4109959442709547,0.6683814246226301,-0.12462502234683051
0.6207473910880739,0.2640896255334587,-0.7381122460738854,0.17430270170160986
0.0,0.0,0.0,1.0
-0.47759089440990055,0.8740045888378438,-0.08810242510045094,0.2947848889231829
0.6179042377318258,0.40543574734345467,0.6735498916117799,-0.12477262108023934
0.6243834789549052,0.26724364991410815,-0.7337571351212584,0.17269653343237437
0.0,0.0,0.0,1.0
-0.4867389329924674,0.8694094268328669,-0.07974376848456706,0.30265649435037456
0.6103511793648362,0.4038433841687439,0.6812862548995156,-0.12355706220593593
0.6243903182718049,0.28293734201982945,-0.7274164398193259,0.16911683153180196
0.0,0.0,0.0,1.0
-0.5006095298310723,0.8623322072043531,-0.0702956720146158,0.31621773743427983
0.6004698013386394,0.4045432012468022,0.6896178909787811,-0.12209711223746406
0.6229910196136034,0.30301312478778075,-0.7205298371106957,0.1640084284611148
0.0,0.0,0.0,1.0
-0.5003287571309238,0.8627380696532183,-0.07017895058008,0.32269553977380416
0.5956678211192723,0.40199554623007633,0.6953290327752106,-0.12189644134104384
0.6280552090676363,0.3060595709588634,-0.7151566992295451,0.16155300483742263
0.0,0.0,0.0,1.0
-0.4896316986122503,0.8686399424463063,-0.07406648538060388,0.31932262712098924
0.5963710288014317,0.3957367351258768,0.6983275383195802,-0.12227585883275699
0.6359011967888758,0.297723987059338,-0.7118906758990551,0.16120363175649938
0.0,0.0,0.0,1.0
-0.47898486086773,0.874141904518745,-0.07875381621031102,0.3106844630438046
0.5964588415233436,0.390114480757464,0.7013959032947503,-0.12330256133208219
0.6438544328800246,0.28899250712758484,-0.7082830270681708,0.16103854183124938
0.0,0.0,0.0,1.0
-0.470170296657358,0.8777536861132036,-0.0899127520702491,0.301730389935997
0.5906030011516445,0.38898931997535224,0.7068438339145725,-0.12446563319754525
0.6554504203097757,0.2793500458440701,-0.7013092396734184,0.16088908046128075
0.0,0.0,0.0,1.0
-0.46995573662297585,0.8764491918104413,-0.10249784559478156,0.2990340422649318
0.5786634871935874,0.393907208467647,0.713893300849526,-0.12484138038404999
0.6660957218359987,0.2763161358980355,-0.6924543410121634,0.16021560977538413
0.0,0.0,0.0,1.0
-0.4819957231232608,0.8693876635072583,-0.10670355808535174,0.3077861180442617
0.5685605835970644,0.40322367003657633,0.7168976735035946,-0.12415204296667352
0.6662784959532659,0.2848790731231323,-0.6888945164624336,0.1586454002734147
0.0,0.0,0.0,1.0
-0.4908933957761751,0.8644500390720508,-0.10711252313433645,0.31947320907541565
0.5651541524170525,0.4096523147000291,0.7160317746413887,-0.12249157915148584
0.6628392364923155,0.29093570405767494,-0.6897753950026542,0.15721625631102362
0.0,0.0,0.0,1.0
-0.4840611644949713,0.8679124565824009,-0.10969203563806766,0.32370924832846376
0.5677469871240055,0.4070646618546331,0.7154242737978428,-0.1210396232346713
0.6655719166079226,0.2840030264213396,-0.6899964615622152,0.1573974081081514
0.0,0.0,0.0,1.0
-0.46963251374830184,0.8758439162754538,-0.109421689534134,0.3226326302724325
0.5735017457378606,0.39702730849866497,0.7164274786481406,-0.12057534925561236
0.6709791871220612,0.27370774350626537,-0.6889784799751405,0.1583855003040166
0.0,0.0,0.0,1.0
-0.4622651783212104,0.8806770705409548,-0.10249924134479615,0.32126583740468573
0.5788926287943275,0.38735962357005893,0.7174401653149219,-0.12039089808349891
0.6716020953841395,0.27234536750794525,-0.6889668208059702,0.15951443156684442
0.0,0.0,0.0,1.0
