0.15991805250546903,0.8908471323286589,0.4249914280104075,0.33813294236932656
0.7445987485446215,-0.3915290878045058,0.5404844708901728,-0.1944471067681286
0.6480399100169159,0.22998921556690172,-0.7260105769564957,-0.2535433049243435
0.0,0.0,0.0,1.0
0.1629307292994263,0.8856921435995312,0.43447626563662467,0.33602476782976465
0.7418322353867429,-0.40031995382589347,0.5378335802015246,-0.19530773518720596
0.6504561157355198,0.23464712651234393,-0.7223311037485449,-0.25385950646027844
0.0,0.0,0.0,1.0
0.16581150976134573,0.881919047855869,0.4410882391727041,0.3329701432157033
0.7389690091153018,-0.40729409606874556,0.5365684693722015,-0.19646098919756114
0.6529589691760735,0.23695188617886148,-0.7193109559260034,-0.2542449946629296
0.0,0.0,0.0,1.0
0.17250676423389238,0.8798520741036994,0.44250066209521616,0.3294855882171863
0.7338458438176646,-0.4143945307304186,0.5379638699681462,-0.19722812046889482
0.656815448395355,0.2318529601271742,-0.7174009643876716,-0.25520302024800756
0.0,0.0,0.0,1.0
0.18715946606499517,0.875171108984981,0.4456419701955939,0.32521366922719314
0.723653982747354,-0.4294923326982494,0.5397546771658095,-0.19775322347566554
0.6638824125232738,0.22138187706930973,-0.7141227082187099,-0.25724891309334774
0.0,0.0,0.0,1.0
0.2061690564031209,0.8702621318622448,0.4468878329516649,0.321187549832389
0.7118458533393321,-0.44661099733518883,0.5416709003281679,-0.1984584288747358
0.6709751704902317,0.2064017132046124,-0.7119322521074214,-0.2595146393718667
0.0,0.0,0.0,1.0
0.22522039345436465,0.8665816149874135,0.4449062553598025,0.3184561943477011
0.701099842653655,-0.4611325871944575,0.543612947216541,-0.1993504210112477
0.6762102802126008,0.1894857787532443,-0.711700751424658,-0.26089390162008885
0.0,0.0,0.0,1.0
0.24024087048444545,0.8628643167289678,0.44442746017989543,0.31744010089497365
0.6935564348210574,-0.47286727652308325,0.5433145663161625,-0.2001042705160664
0.6789767401747518,0.17772218997436853,-0.7121997825366632,-0.2611232970887009
0.0,0.0,0.0,1.0
0.24546358105322832,0.8592280935183694,0.4486735382637665,0.31768130828945323
0.6900310528715861,-0.47996189261821176,0.541639792433301,-0.20084625575386617
0.6808034625739153,0.17665718001778768,-0.7107344144239334,-0.2609951771670078
0.0,0.0,0.0,1.0
0.2421078934509169,0.8581238387095866,0.45255120119435066,0.3177515941574455
0.6860250162590324,-0.4812384250432321,0.545507078436321,-0.2013994000911286
0.6860192810189254,0.17844249533053153,-0.7052021360450875,-0.2609607704726523
0.0,0.0,0.0,1.0
0.23639475391618542,0.8590911603793074,0.45369547608998473,0.3170989635190291
0.6808182244501305,-0.4796000184400505,0.5534230848245683,-0.2008805444897629
0.6931758604162452,0.1780976728630851,-0.6982510065078851,-0.26061887500467895
0.0,0.0,0.0,1.0
0.23022594361123905,0.8576026209809837,0.45965781228511815,0.3161584828303188
0.6768480942745063,-0.4805583272276733,0.5575393457517082,-0.19924803238371205
0.699127136635624,0.1827554672122798,-0.6910979323309892,-0.2599314064872069
0.0,0.0,0.0,1.0
0.2235501506439031,0.8548479801634802,0.4680441331074269,0.3158130856033019
0.6735224735592391,-0.4826677059062251,0.5597602348978105,-0.19763968858519063
0.7044656025384544,0.19010286362259138,-0.6836749940370714,-0.25927211203449463
0.0,0.0,0.0,1.0
0.22072525097414036,0.8511549088537473,0.4760518890296506,0.3154573882219913
0.6695220029010315,-0.48719544377113133,0.5605818047038302,-0.19796815772573018
0.7091424316053523,0.19500960835953857,-0.6774675469282516,-0.25944535176333905
0.0,0.0,0.0,1.0
0.22348237101013935,0.8478631252906659,0.4806685258932262,0.3145188298822678
0.6645654904780712,-0.4932808666382744,0.5611209457762867,-0.20055725580055792
0.7129278733412289,0.19407627131516308,-0.6737629806250119,-0.2610851708105464
0.0,0.0,0.0,1.0
0.2245184031252896,0.8463567094320716,0.48286552630983476,0.31358787843775826
0.6587728116490945,-0.4969507685279837,0.5647259540644487,-0.20333985931423038
0.7179858426807062,0.19132610335582728,-0.6691513924599736,-0.2633003211395426
0.0,0.0,0.0,1.0
0.2251250482429561,0.8445629040725655,0.4857170214859784,0.3130791333852931
0.6535755007967736,-0.5006107352892819,0.5675723428466006,-0.20470788753441804
0.7225560356170411,0.18966934317995027,-0.6646962288584536,-0.26498587356761816
0.0,0.0,0.0,1.0
0.22829406166652788,0.8437925416832872,0.485523019171108,0.3127542270497575
0.6508033835437782,-0.5031343018506234,0.5685218006695756,-0.20605669011655464
0.724066259489362,0.1861892637954368,-0.6639890695695906,-0.2664342683111527
0.0,0.0,0.0,1.0
0.22912480999818044,0.8418489476641955,0.4882769501906691,0.31352884682251725
0.6530466281101999,-0.504831655406574,0.5643093242879406,-0.20859772575408525
0.7217577497030778,0.1895930347670618,-0.6653606522091837,-0.26808287433271083
0.0,0.0,0.0,1.0
0.2281022979649777,0.8381162420241505,0.495070352351628,0.3164144230247656
0.6569475796346322,-0.5076838915178167,0.557168188384361,-0.212165494938865
0.7185268300852555,0.1981607975039874,-0.6663325206375174,-0.2701898712408608
0.0,0.0,0.0,1.0
0.23226682133472593,0.8373257711837319,0.49462383650085184,0.3205068957440177
0.6552792730431989,-0.5104592361593803,0.556657283601564,-0.21608223774085597
0.7186909975759652,0.1948122896075304,-0.6672600196824945,-0.27252916453653697
0.0,0.0,0.0,1.0
0.23825368126318502,0.836179427041153,0.49384772155634904,0.32364243584007457
0.6487137978695432,-0.5154321183284281,0.5597904448636786,-0.21970258111740076
0.7226730199608944,0.18696013386023586,-0.6652951532745675,-0.2743928236489031
0.0,0.0,0.0,1.0
0.23820788454989822,0.8330052294217445,0.49916775216628484,0.32521409338221086
0.6419090058650647,-0.5208176448386761,0.5626861006208062,-0.2228455436636287
0.7287377203478889,0.18633749853608872,-0.658786613599883,-0.2748803058347105
0.0,0.0,0.0,1.0
0.23549105131345488,0.8302629899929526,0.5049794864896067,0.32693890851694885
0.6365267382145123,-0.5244765055003722,0.565425397733641,-0.2244527480072377
0.7343358395523354,0.1882475497789755,-0.6519855353062258,-0.27335521429222964
0.0,0.0,0.0,1.0
0.235574254550529,0.8300177999400709,0.5053754496715408,0.32906662182021273
0.6340667238958708,-0.525368480764112,0.5673692184069061,-0.22460361917990024
0.7364603035365922,0.18677481647466665,-0.6500355176443182,-0.2708697255770246
0.0,0.0,0.0,1.0
0.2364763439879516,0.831242646457251,0.5029241092119479,0.3302895706271687
0.6324523796620438,-0.5245854420626458,0.5698534317197386,-0.2243150470501978
0.7375523505265263,0.18332113991075188,-0.6497477331853423,-0.26912092521905173
0.0,0.0,0.0,1.0
0.23999161496370391,0.832997924528631,0.49830984582729854,0.33068063454176944
0.6284509595952682,-0.5245091658450478,0.5743250938024811,-0.2237251448706292
0.7398222336783908,0.17532901867378095,-0.6493542956138187,-0.268449007891623
0.0,0.0,0.0,1.0
0.2467827097793446,0.8346131222694315,0.49212456996662146,0.3312543075415399
0.6249918885858475,-0.5252266754274677,0.5774589975342205,-0.22286246250659492
0.7404895376944358,0.16504386691834427,-0.6512331619896252,-0.2684880190696514
0.0,0.0,0.0,1.0
0.2566442999917272,0.8387306795020915,0.47976652226296823,0.33273898503150734
0.6239169205942492,-0.5229705937645988,0.5805948143201598,-0.22246862815522894
0.7379979579974336,0.15025554051080275,-0.6575202662164104,-0.26898814511983227
0.0,0.0,0.0,1.0
0.2662857859681398,0.8426629353712491,0.4676305306206835,0.3351654558009681
0.6206096430205819,-0.5210636790106469,0.5856960039904793,-0.22288802378558847
0.73730765765348,0.13415374082085485,-0.6618181970987416,-0.26996251520449
0.0,0.0,0.0,1.0
0.27504531951861927,0.8405100279251208,0.46655791668087854,0.33829152608581936
0.610431227007033,-0.527519179682153,0.590539580331069,-0.22362538627440048
0.7425451489189093,0.12225904112787753,-0.6583393750691318,-0.2713976055579689
0.0,0.0,0.0,1.0
0.2827397562484474,0.8356731903478859,0.47066992165405014,0.34218999045155607
0.6008987322272443,-0.5367898478748789,0.5921168760237996,-0.22324106145252195
0.747525633896444,0.11536612058584392,-0.6540202816865139,-0.2725897056430938
0.0,0.0,0.0,1.0
0.2906523818270195,0.8345951297219443,0.467709306953192,0.3466339085578172
0.5962564927521086,-0.5402928433592393,0.5936758456543385,-0.22079520205848907
0.748253100942907,0.10632460517233838,-0.6546723473586538,-0.2730036875563139
0.0,0.0,0.0,1.0
0.2957487775184311,0.8373918873214687,0.45945109011822155,0.3506960244123924
0.5913819818203377,-0.5381920967749256,0.600325042034024,-0.21650137697560098
0.7501075421390937,0.09418125151093305,-0.6543741797437972,-0.27234636455902395
0.0,0.0,0.0,1.0
0.2964448796950282,0.8375208698349901,0.45872335538754816,0.3550550000299102
0.5839680032669057,-0.5390413433635413,0.6067298078177267,-0.21079292835791386
0.7555940049621663,0.08797352857560092,-0.6489254680994786,-0.2713756780783343
0.0,0.0,0.0,1.0
0.2984531415149227,0.8343018226750021,0.46310426490572,0.36051616468368586
0.5802930714321554,-0.5439025212955565,0.6059246601085495,-0.20458937721826023
0.7575770313970318,0.08782315353160414,-0.6465191677830588,-0.27063429844354736
0.0,0.0,0.0,1.0
0.3070428132371441,0.8349130025751104,0.45591265151966964,0.36664198608320403
0.5809122084903227,-0.5439212933409576,0.6053365041133962,-0.20003756098633724
0.7534917431632936,0.07891404850339596,-0.6520086402159093,-0.2701074099508622
0.0,0.0,0.0,1.0
0.31766330858190417,0.8380450085466962,0.44260476907419033,0.37310613499337403
0.5784036655523255,-0.5411306865437597,0.6102562432149823,-0.197669300826172
0.7509652922101702,0.062134691888273086,-0.6566207333412442,-0.2700047106254533
0.0,0.0,0.0,1.0
0.32510031585253063,0.8395367059076418,0.4342745942680639,0.3785601208376654
0.5729331965107507,-0.5401655227876287,0.6162220883868434,-0.19713723203959913
0.7518929189138271,0.04848405461502905,-0.6566520227170924,-0.2712651349302171
0.0,0.0,0.0,1.0
0.33689331548826135,0.8398055367250745,0.4248406867675204,0.38199334002522756
0.5616270422178042,-0.5412787595140616,0.6254480773354281,-0.19741605084488506
0.7551964948490371,0.02789449063854627,-0.654053596123907,-0.27401134727777454
0.0,0.0,0.0,1.0
0.3449892249144464,0.8406403879077397,0.4171349861754256,0.3832362458665995
0.5474196102712703,-0.541102388346076,0.6380749729263866,-0.19767328944197388
0.762170724778933,0.008230582487604722,-0.6468532615167789,-0.2779183921061797
0.0,0.0,0.0,1.0
0.34927242290089827,0.840872936917552,0.41319800326866174,0.3834191405852243
0.5353150336023781,-0.540926876629285,0.6484635520524545,-0.19816238536994688
0.7688833478326722,-0.005350197563189019,-0.639121074771772,-0.28287539720656635
0.0,0.0,0.0,1.0
0.35652157407535723,0.8362769381615276,0.4160315483633429,0.383123845656106
0.5216378247409872,-0.5475863082427921,0.6538901100295724,-0.2002680663820972
0.7747585431121867,-0.016281524873029717,-0.6316666152616579,-0.2882942993843942
0.0,0.0,0.0,1.0
0.36936738714878004,0.8300067511678677,0.4167614529571706,0.3821565701517475
0.5065883104887863,-0.555843745819778,0.6587551692233808,-0.20336112456147895
0.7784832162512239,-0.03233082822631706,-0.6259554702362985,-0.2933627580885368
0.0,0.0,0.0,1.0
0.3805446255811512,0.8286753312186539,0.408858423295303,0.38024310916595705
0.4996043896924649,-0.5561936226525857,0.6637417805032085,-0.20585558469668888
0.7774098371803912,-0.048369952624215465,-0.6258313884450147,-0.29738952466395063
0.0,0.0,0.0,1.0
0.3864826088994937,0.8295641681930561,0.40102534182405764,0.3775908682322682
0.4947370672728282,-0.5528945364573192,0.6697356072987359,-0.20686687846534962
0.7771546595241532,-0.060477569029188424,-0.624429621275294,-0.2999842660013924
0.0,0.0,0.0,1.0
0.39738468155729845,0.8291355462393668,0.3913877057302142,0.3749882608925085
0.4848387062472658,-0.5511946461608614,0.6782763531108307,-0.20661280080336336
0.7779499431609885,-0.0798364468180632,-0.6213721026843761,-0.3014661012348394
0.0,0.0,0.0,1.0
0.40149221448319417,0.8309963858789238,0.38409478802203845,0.3725377044827649
0.48266387470265215,-0.5480861451733922,0.6826865890905587,-0.20559860930934998
0.7777771928648082,-0.08875627637145167,-0.6213155013519847,-0.302193394469772
0.0,0.0,0.0,1.0
0.403022596520961,0.8323216894463256,0.3799706724119519,0.37038357025253443
0.4801769468016805,-0.5457076793706633,0.6865734871608665,-0.20386002383075288
0.7788315811171126,-0.09429754999884435,-0.6196125327828422,-0.3023965951980597
0.0,0.0,0.0,1.0
0.4056911044501894,0.8320543211473012,0.3773638639115514,0.3693103462397547
0.4763195072120405,-0.5450514680923148,0.6898810901014469,-0.201634555853574
0.7797611999375034,-0.10018747584587256,-0.617426026475545,-0.3024010590752076
0.0,0.0,0.0,1.0
0.3998611634284047,0.8344095434520598,0.3774158859189276,0.37021891214391156
0.4776613473868484,-0.5416191191574384,0.6916277645433908,-0.19981260687532282
0.7815466302772307,-0.09625154183411391,-0.6152011443793941,-0.3024694372726714
0.0,0.0,0.0,1.0
0.37924858309518533,0.8404521023695708,0.3852185182943049,0.372813328643449
0.4778081656976487,-0.534869461481706,0.696630821917005,-0.19906166167444525
0.7915729637229043,-0.07997998736970552,-0.6045277408551042,-0.30282645196738456
0.0,0.0,0.0,1.0
0.3625980957953696,0.8466805970894257,0.38881762057859626,0.3753695972988223
0.4732661816593789,-0.5267960418292447,0.7058245598641535,-0.19897437978733545
0.8025204049200929,-0.07180107373738731,-0.59175784863188,-0.30377438039196597
0.0,0.0,0.0,1.0
0.3565756097256705,0.8504061874469528,0.38665320489962274,0.3765857518874989
0.47328194648803834,-0.5212797048411187,0.7100057856970792,-0.19983428386973137
0.805391853928438,-0.07014242446587524,-0.588401586798824,-0.3055009400663937
0.0,0.0,0.0,1.0
0.3601070511651726,0.8511586451857708,0.38142955865279815,0.3760444428271248
0.47892544700956763,-0.5197124778762069,0.707310161339229,-0.20177055384194859
0.8003717336853312,-0.07195943639936747,-0.5948923270893431,-0.30736863469316666
0.0,0.0,0.0,1.0
0.368651335965321,0.8526038195851937,0.36945578607546026,0.3736151283473732
0.4844039891206343,-0.5156222781863026,0.7063795590460226,-0.2045121133602666
0.7931563533176912,-0.08138530777413232,-0.603239165206097,-0.30901310772420343
0.0,0.0,0.0,1.0
0.3706653622662223,0.8601184139522182,0.34937716612155056,0.3690992536586972
0.490324833511119,-0.5008413005225479,0.7127594580760348,-0.20840011246112253
0.788629146676209,-0.09294464378503105,-0.6075464799848769,-0.3106382712836473
0.0,0.0,0.0,1.0
0.370922661847367,0.8683683487793835,0.32839839834004847,0.36333447806510927
0.49683581105945473,-0.4843635405980754,0.7197270700646321,-0.213943091761479
0.784443808272892,-0.10385761258006791,-0.6111318823580834,-0.3125006771116871
0.0,0.0,0.0,1.0
0.37632182122196917,0.8714315999897013,0.3139971233789257,0.3596925901498932
0.49973670526126296,-0.4762152011338469,0.7231739857986936,-0.2203606320364949
0.7799364418972116,-0.11515644938475164,-0.6146676817919398,-0.3152334352182188
0.0,0.0,0.0,1.0
0.3893851214217344,0.869259065564576,0.3031630877478718,0.3583358664997718
0.49707899428787783,-0.4751159383291267,0.7255654530849971,-0.22598431464157728
0.7748975537182519,-0.131721952502939,-0.6170684799442916,-0.3179280929234598
0.0,0.0,0.0,1.0
0.40517935912234515,0.8672470080368604,0.2860720038901163,0.3542559956431345
0.4883618624843067,-0.4696048106777509,0.7348870680254014,-0.23155475926099198
0.7717715735294657,-0.15797708746459824,-0.6141064934853239,-0.3192218037086997
0.0,0.0,0.0,1.0
0.39704260368958794,0.8735462359618742,0.27443769517937566,0.3447256952920349
0.4918641896721635,-0.455200622698005,0.7413606570585254,-0.23931692615629402
0.7723017669039651,-0.15926978219637544,-0.6119733322314628,-0.3198235377534925
0.0,0.0,0.0,1.0
0.3656544465090802,0.8867294935122312,0.27559553612250076,0.332636372947091
0.5095245354430584,-0.43877911249645957,0.739445502608711,-0.24745658472907256
0.7762442873360029,-0.1298434935592364,-0.6138869628147965,-0.32097446457265866
0.0,0.0,0.0,1.0
0.3482797692435904,0.894106168431537,0.2778816115681412,0.32142765797063166
0.5204631693420534,-0.43129361323389975,0.7366693201988753,-0.2531813397119746
0.7783719751079519,-0.11180391111837788,-0.6162240575842558,-0.32266538347597074
0.0,0.0,0.0,1.0
0.3323312424978516,0.9000291260964902,0.2795711425769688,0.3123670160728157
0.5232336325126048,-0.4228601050807273,0.7395727573230063,-0.2561072148927479
0.7839683359091122,-0.09927020386308957,-0.6118740395916431,-0.3241977674441425
0.0,0.0,0.0,1.0
0.3219139456433411,0.9066725678863031,0.2704315635703483,0.3044420046746328
0.5203910253068507,-0.408149678911475,0.7496991387373599,-0.257348984703329
0.7904414457967179,-0.10042310300746596,-0.6033597833363049,-0.3256052014910441
0.0,0.0,0.0,1.0
0.33223566181646297,0.9097485275306914,0.24566515006447667,0.2965075982780604
0.5133064981532636,-0.392863218919445,0.7624997214413809,-0.25909919125421876
0.7908246930682664,-0.1271100419951505,-0.5973580522437423,-0.3278074891174062
0.0,0.0,0.0,1.0
0.35065123970032563,0.9111162103095853,0.2101416925851589,0.28899703327303994
0.5076565070184349,-0.37426239968976405,0.7749646151483817,-0.2627374983974151
0.785714849681868,-0.16470085360764503,-0.5936907803929091,-0.33145243066876307
0.0,0.0,0.0,1.0
0.3770557159019306,0.9069994962974954,0.17398571542940933,0.28173084081597277
0.5132193304360201,-0.3647607762093382,0.7745835861389361,-0.2688018990673291
0.766703657168611,-0.20143737168914477,-0.6039151086952897,-0.3365919599280762
0.0,0.0,0.0,1.0
0.3884843511552094,0.90371460247351,0.1595699002678604,0.276790648752087
0.5264010061347517,-0.3658624036271877,0.7639229086269925,-0.2760612911794713
0.7492222408164211,-0.21026417754471938,-0.6200114593613426,-0.3421826476940921
0.0,0.0,0.0,1.0
0.3663350425910008,0.9114432420368016,0.1694524676939107,0.2760319751812532
0.53504170714342,-0.36037066282906116,0.7598229705815303,-0.2817762009031651
0.7543589172623819,-0.18479326780263894,-0.6218480925402283,-0.3462383622312647
0.0,0.0,0.0,1.0
0.3573857212554793,0.9162696009377924,0.1717297333285736,0.27702703962325737
0.5418351278423326,-0.3553166905153141,0.7573583839834539,-0.28520603083460755
0.7563226927353779,-0.175141126287317,-0.6245956128222815,-0.34839554963585345
0.0,0.0,0.0,1.0
0.3609385734064261,0.9180514117791173,0.15742311163602687,0.279370508280273
0.5317145052831176,-0.34222545570608276,0.7716699275527767,-0.2854386633740788
0.7634300465677548,-0.1931815662594234,-0.6122973634095589,-0.34868606822648346
0.0,0.0,0.0,1.0
0.3567773893423283,0.9203215441136872,0.15274204512397307,0.2840864958749939
0.5142209544673972,-0.3318304971197954,0.7894503338205576,-0.28215098678942063
0.7775223942113922,-0.20230794059748033,-0.5921970749284948,-0.3472115875073691
0.0,0.0,0.0,1.0
0.3385484795715266,0.925606504567074,0.16290750164618148,0.28886906937509776
0.4985984963187465,-0.32497761419765014,0.802850606458618,-0.2770085658987985
0.7960926424897229,-0.19017145175226446,-0.5718963027028884,-0.34453673710046906
0.0,0.0,0.0,1.0
0.32864056006099035,0.9277860952074399,0.17199779151937797,0.2915680778446272
0.4990123556132844,-0.32527543195237324,0.8024007830553289,-0.2724884334741534
0.8007307425235661,-0.17766369632998516,-0.569775063867809,-0.34213797557397496
0.0,0.0,0.0,1.0
0.31524795276789547,0.9263417514577641,0.19548577929325825,0.2924599542332135
0.5226616038249484,-0.33977821263426444,0.7800612103588771,-0.2694676732424248
0.7904206212016975,-0.14336717296540877,-0.5903530852564145,-0.34032331082232536
0.0,0.0,0.0,1.0
0.2819298879763139,0.9237944290370106,0.24683862566989015,0.29281668337398664
0.551383327140502,-0.3649335600284284,0.7484310381473032,-0.26636912976401406
0.7834182866389856,-0.0746430475665453,-0.6109480287362823,-0.3374849497980741
0.0,0.0,0.0,1.0
0.24392721797686262,0.9172163550323275,0.30517478408956167,0.2943677978477768
0.5703905321438212,-0.3895483944023675,0.7219916795091972,-0.263195009150591
0.7829017815808595,-0.0020665022675097552,-0.6170340335124256,-0.3341435298344095
0.0,0.0,0.0,1.0
0.21102673664696034,0.9071519067666864,0.3580411297447468,0.3003277902642131
0.5840707966164642,-0.4104007111154476,0.699442510184497,-0.2589934202268467
0.7828174413355928,0.06148293497854253,-0.6157345821762272,-0.32918651986742875
0.0,0.0,0.0,1.0
0.19326395926581147,0.9032176149866611,0.3811280096485161,0.310871995213003
0.5966547649357612,-0.4163344492628409,0.6852986754932943,-0.25400310601042675
0.778273019326204,0.09483425741877992,-0.619567583260139,-0.32030619621914636
0.0,0.0,0.0,1.0
0.17567696344501843,0.9085410982146289,0.3772787016582666,0.3219657943945312
0.6170658865215184,-0.3993390514964654,0.6763520359474041,-0.24900855547541578
0.7655713517038463,0.11369977510899487,-0.631591440531472,-0.30717273329572553
0.0,0.0,0.0,1.0
0.1529021409699537,0.9108347263064913,0.38154972575104285,0.33096299247019206
0.6539270046136292,-0.38058871573212205,0.6503642754091586,-0.24400392057905035
0.7380443820995584,0.15041030197507405,-0.6540750145977172,-0.29129410289660457
0.0,0.0,0.0,1.0
0.14626106314684517,0.9044649375951396,0.39921621124875983,0.3357495609434987
0.6998721811673787,-0.37799306249586845,0.6016242898140082,-0.24131817219198745
0.6957659969579209,0.19253600973087076,-0.6880286045737292,-0.27336782951972805
0.0,0.0,0.0,1.0
0.1537503790755519,0.8949162145730678,0.4175152969743279,0.33553539722444303
0.7355968010892133,-0.38507411773841305,0.5546385372423096,-0.23996229926625923
0.6578079781954662,0.2225469739256697,-0.7173321953110248,-0.2536297204198337
0.0,0.0,0.0,1.0
0.15405368725023735,0.8843784468522269,0.43949249156571624,0.3328843291895822
0.7551466867046368,-0.39173078042648213,0.5242973842942296,-0.23530552616605332
0.6362699588268116,0.251201178572387,-0.728127225529188,-0.23282429602437726
0.0,0.0,0.0,1.0
0.14602878361450122,0.8789901715393167,0.45353790897605656,0.33162628916937475
0.7748680149107181,-0.3859436426915336,0.4990443247500965,-0.22873399285634577
0.6137697693040618,0.27838697113927946,-0.7375769004444808,-0.2134790773645503
0.0,0.0,0.0,1.0
0.13984704917294072,0.8799825411834001,0.4538463535441466,0.3348572427943135
0.7982216574590699,-0.37091503634931955,0.4731438588733557,-0.22371758354857013
0.584706057277723,0.2959171411098205,-0.7544169619738581,-0.19678623650755822
0.0,0.0,0.0,1.0
0.13799342027058797,0.881422534207883,0.4516662845651882,0.34102061714883913
0.8158353353417003,-0.35948781786364675,0.4522502650792266,-0.22075076475062827
0.561006056327241,0.3060345196108124,-0.7687292637949994,-0.18350139664589227
0.0,0.0,0.0,1.0
0.13852993938807648,0.8806056443810198,0.4530798648185089,0.34718401071918903
0.8237321702371997,-0.35632552401072226,0.44078295858201566,-0.21976115042568328
0.5496319421362846,0.3121732680507622,-0.7747535192416317,-0.1739492114895752
0.0,0.0,0.0,1.0
0.1427460043868775,0.878076577163763,0.45658324973910785,0.3514315252644718
0.8245026656589747,-0.3606357375450542,0.43585361251017146,-0.2207306115385459
0.5474664166807369,0.3142922297679921,-0.7755131075374493,-0.16765489314429705
0.0,0.0,0.0,1.0
0.15075559329724691,0.8735018071152416,0.4626867054124879,0.35350326094869544
0.8241619348546954,-0.36946307963962566,0.4290213224932219,-0.22206069790801847
0.5458223025506601,0.3167364177285284,-0.7756875926610662,-0.16365037768418064
0.0,0.0,0.0,1.0
0.1590919224279595,0.8692621106732057,0.46785075356939765,0.35404892260550447
0.8234870428789379,-0.3782261865825286,0.4227150349817945,-0.22267610391377257
0.5444771861948161,0.31804538058030174,-0.7760592147208766,-0.1597758856813089
0.0,0.0,0.0,1.0
0.16354546393180835,0.8653149863361328,0.4734434031344357,0.35402553261485775
0.8208265902118773,-0.38565978634221537,0.42117473221975144,-0.22272137068301573
0.5471355946387997,0.31968874751526866,-0.7733748210427378,-0.15468235865021424
0.0,0.0,0.0,1.0
0.16193389693907745,0.8616698362144714,0.4804980733812608,0.3545393797420848
0.81862492261843,-0.38934077535905853,0.4219100365811571,-0.22252673677880447
0.5507238344086691,0.3250103886999812,-0.7684493482917607,-0.14998069548884388
0.0,0.0,0.0,1.0
0.15467403849836325,0.8618253267068601,0.4825604810743599,0.35594938365162876
0.8154217216921045,-0.38727809571739213,0.4294679000799913,-0.22246596841523586
0.5570611668963947,0.32722752031568947,-0.7626794996459982,-0.14733846856274124
0.0,0.0,0.0,1.0
0.1446798394445432,0.8639073863027409,0.4819716650776219,0.3573347561146232
0.8086220896172747,-0.38407632788250995,0.44494106911117665,-0.22286708631201524
0.5695440890509249,0.32553438654649924,-0.7541536962959401,-0.1466441145708624
0.0,0.0,0.0,1.0
0.1431578709173248,0.8692400142620089,0.4725848242332935,0.35880674755347475
0.8065928641540546,-0.3793452647938207,0.4530467446831635,-0.22382978843575013
0.5732338876170794,0.31631870684961394,-0.7554212330919284,-0.14730569137691774
0.0,0.0,0.0,1.0
0.15025146725732083,0.8796605597365487,0.44985030800091563,0.3618413427292082
0.8090366998807623,-0.37115107394305435,0.45550145078649906,-0.22508889634764473
0.5680659774257255,0.29540925038064714,-0.7674077620113864,-0.14898007113516087
0.0,0.0,0.0,1.0
0.1614111943274097,0.893106466104503,0.41808586444842694,0.36637587006308636
0.8093654250275368,-0.36230648037034263,0.4619828818209622,-0.22581047189401451
0.5644638766080368,0.26374579976888735,-0.781286855362486,-0.15037932865162934
0.0,0.0,0.0,1.0
0.17536916137408326,0.9034828968377226,0.38991935247235165,0.37013134825272365
0.8058818946598546,-0.3592061475754468,0.4704941758676058,-0.22544208004074257
0.56526807762376,0.23171607951793433,-0.7911011715854954,-0.15034008406170335
0.0,0.0,0.0,1.0
0.184712399788923,0.9101770780617744,0.3700832643138605,0.37254151139443076
0.8024494424415328,-0.357056762673594,0.4779222489421211,-0.22426548669903723
0.567253361289523,0.20874770819408014,-0.7963734980105186,-0.14894393860184016
0.0,0.0,0.0,1.0
0.19136502517637302,0.9150853577617684,0.3541963035450254,0.37366346782794496
0.8008561302512279,-0.35421382905315013,0.48262004994765517,-0.22307268536305608
0.567165328374444,0.19141113754824657,-0.8007499755160148,-0.14722972504421866
0.0,0.0,0.0,1.0
0.20293018434440574,0.9182079221694677,0.339143817041919,0.37424265331481354
0.7978240737895987,-0.35573494426682195,0.48638432688108213,-0.2222394227890484
0.567247863098351,0.17199568168119028,-0.8048882285999731,-0.14581223132767485
0.0,0.0,0.0,1.0
0.20448543825957732,0.9212644514875283,0.3296943162699104,0.37490846622409457
0.7939768188226667,-0.35296055461490794,0.49456847588657504,-0.22163555271024682
0.5719588677142105,0.16075682916164225,-0.8038713290116102,-0.14481231193071262
0.0,0.0,0.0,1.0
0.18708586735431582,0.9242045390727243,0.33171317197325145,0.3753011664362859
0.796916875888918,-0.34014002900939666,0.4988003571766059,-0.22084587224132618
0.5737198362916657,0.17105866808901282,-0.8005611821910332,-0.14427678487406365
0.0,0.0,0.0,1.0
0.16937951672421253,0.9279760705987019,0.3311630795159398,0.37535193484146506
0.8053564607847743,-0.32398273395598026,0.49603797927985477,-0.2199632892101278
0.5676648139176121,0.1825842334295212,-0.8024969909250707,-0.1442046375225676
0.0,0.0,0.0,1.0
0.1648353747890086,0.9335516856793471,0.31707803450775324,0.3752041689982564
0.8123819766969724,-0.3108312143192552,0.4929841557081477,-0.2193504464478586
0.5589555471540979,0.1761985594423549,-0.8098197705293193,-0.1444846007818808
0.0,0.0,0.0,1.0
0.17697039762718447,0.9377119217431016,0.2963852575962117,0.3748615448728302
0.8118763413384371,-0.30900142519497925,0.4945291263208678,-0.21910019568260813
0.5553476982171965,0.15307965105520233,-0.8165051921461892,-0.14478896303776054
0.0,0.0,0.0,1.0
0.20213687174989808,0.934446403614358,0.2900989653166872,0.3742289100948949
0.8062496429878456,-0.32640151371721576,0.49189890145511805,-0.21889855931734187
0.5548104344282656,0.13471331875791112,-0.8200780738441009,-0.1448121484252052
0.0,0.0,0.0,1.0
0.2194164169911379,0.925071752312962,0.3079228977237879,0.373493880926995
0.8052881093504827,-0.349514388782251,0.47768392249028224,-0.21856268540655518
0.5502734606788107,0.1434025049298887,-0.8219023971121151,-0.14461610967178765
0.0,0.0,0.0,1.0
0.2257749525596306,0.9159436682748583,0.33074503393816845,0.3733811168844886
0.8021753625444855,-0.3674388311099309,0.46995354201240225,-0.21788769648037454
0.5524123015502427,0.15908856411097394,-0.8178934495342778,-0.1443960826576074
0.0,0.0,0.0,1.0
0.2317125908705429,0.9084773218340061,0.34727599150025656,0.3740790576006173
0.7923149039692254,-0.3834065199023624,0.47405731747856494,-0.21650023296420706
0.5640425857054747,0.16511244551739332,-0.8088348699501304,-0.14417276703285584
0.0,0.0,0.0,1.0
0.23731538906516925,0.9057198890304375,0.3508437666370712,0.3749545122016301
0.7825592211543759,-0.39213151545883274,0.4832212166473196,-0.21447237702594263
0.575351549515545,0.15986437944376924,-0.8018843760131986,-0.1439380007598532
0.0,0.0,0.0,1.0
0.2429543419423143,0.9082884819940777,0.3399119108616865,0.37534552099069796
0.7760384967821463,-0.3921601189619701,0.4937195591368434,-0.21256175356094886
0.5818340487322395,0.1438753593519688,-0.8001271942355515,-0.1437649164908215
0.0,0.0,0.0,1.0
0.25028210801361356,0.9106048642584867,0.32834200244476985,0.37503378729247283
0.7744892836118877,-0.39179650215470685,0.49650876763538165,-0.21144890050065507
0.5808027137958258,0.13005819280030173,-0.8033223449706055,-0.14372077603608785
0.0,0.0,0.0,1.0
0.25572977873315206,0.9093137605945941,0.3279535895398962,0.3739171979866651
0.7762702395758363,-0.39526905280994135,0.49090207247264683,-0.21209894791681594
0.5760485328863632,0.1290631818726507,-0.8070102329855551,-0.14384219299881335
0.0,0.0,0.0,1.0
0.25771527588422277,0.9068521533219127,0.3331153174262058,0.37248300089019293
0.7792447255315063,-0.3987515094569753,0.48319281313813456,-0.2142258647046043
0.570994236453694,0.13502965547652873,-0.8095390609909414,-0.14397568672343186
0.0,0.0,0.0,1.0
0.247398680924374,0.9064732330680958,0.34118790138972954,0.37167280036911465
0.7890645062942536,-0.3924356025142165,0.47183248455873333,-0.21579776798444797
0.5614611797589413,0.15237238950105092,-0.812763779949834,-0.1438332526602547
0.0,0.0,0.0,1.0
0.22222840297831092,0.909896406803905,0.3486772886379675,0.3711099022723663
0.8047366059204493,-0.37266279979491146,0.4608594587255244,-0.21653097872824634
0.5492487184281806,0.17805796941884205,-0.815903952504865,-0.14350131461048554
0.0,0.0,0.0,1.0
0.19414059919739707,0.9164144643133876,0.3484795119990814,0.3699720171931606
0.8166365939292113,-0.3476142199426392,0.45976620496508747,-0.21649814152394165
0.542683514903517,0.19538232369708664,-0.8165435676321122,-0.143493472248101
0.0,0.0,0.0,1.0
0.17172526249246928,0.9188863263096578,0.35346485008164136,0.3682901345538971
0.821257522299407,-0.3316118247996481,0.4638073400156808,-0.21483050527565092
0.5435980305587091,0.2107676462467611,-0.8117823694218405,-0.14421789491860088
0.0,0.0,0.0,1.0
0.15239415949833246,0.9166867193197644,0.36785451376179645,0.36652976698300177
0.823295709761968,-0.3235418828434721,0.46590217707956416,-0.21038872314406418
0.5463332505148897,0.2320250951572403,-0.8041048731299623,-0.14506315259996702
0.0,0.0,0.0,1.0
0.1367951143648709,0.9172826518917037,0.3732396471932654,0.36573646542109084
0.8258181151487178,-0.31349648047890244,0.468218691250711,-0.20241416017186004
0.5466881146450238,0.24433483286528307,-0.8005478837316717,-0.14540232088906302
0.0,0.0,0.0,1.0
0.12204315542465213,0.9182814519992202,0.3757575569180741,0.3662293074014972
0.8314927478600327,-0.30114785355746887,0.4663213550608918,-0.19417280379152008
0.54138594871494,0.25563764677393536,-0.8005747258227969,-0.1457700954925989
0.0,0.0,0.0,1.0
0.09924543003657117,0.9148194524812474,0.389397428473516,0.366511668673863
0.8372310822545894,-0.2882396225152939,0.46437806696874906,-0.18956103064493515
0.5369977237262872,0.2800285341187473,-0.7948125098136152,-0.14623598988979794
0.0,0.0,0.0,1.0
0.07431086220500392,0.9027405827760204,0.42077318003269626,0.3662546956310608
0.8406968431349806,-0.28381520561554785,0.4609539488825637,-0.18683935840263438
0.5358517446853929,0.31946819463949594,-0.7800246314847549,-0.14590009286810157
0.0,0.0,0.0,1.0
0.05619728358565733,0.8830122809583709,0.4630273676684659,0.36565829477422773
0.8414028484614318,-0.29190713000784296,0.4545043385870383,-0.18366646551312993
0.5371702413837895,0.36392297693608433,-0.7592376668821046,-0.14411018456146005
0.0,0.0,0.0,1.0
0.039980855359671955,0.8594802521080257,0.5068568272569135,0.3639779798138971
0.8379820142557359,-0.30585765362930856,0.4514991906631965,-0.17990442138884022
0.543707881584566,0.40645873016620315,-0.7323497109878114,-0.14103204625399138
0.0,0.0,0.0,1.0
0.023317963162009965,0.8355833727030869,0.5468532895694184,0.3616202410296968
0.8286288426713426,-0.3229319742255856,0.45657237286047014,-0.17682561582760695
0.5586111805227727,0.4422217345570234,-0.6999011461468512,-0.13794811103292834
0.0,0.0,0.0,1.0
0.012846274438172604,0.8131899252714603,0.5803992117192094,0.35985685448661564
0.8184164223408218,-0.3423469850491945,0.46075218974342413,-0.17531600452213109
0.5740662487749542,0.4689668646477759,-0.6699715914325319,-0.13554747050465724
0.0,0.0,0.0,1.0
0.01368192805158185,0.7908333644884248,0.6106377796853997,0.3578362382641841
0.8156532187679693,-0.36188552793980433,0.45041391991710444,-0.17485198826294057
0.5781040363679436,0.49218148317903826,-0.6501050768035552,-0.13338087119266165
0.0,0.0,0.0,1.0
0.022866095325112853,0.7720215416784417,0.634446653958125,0.3547328401074587
0.8182201003014846,-0.3788305514329179,0.43163590618020625,-0.17575750049788957
0.57419252817798,0.5095661200996727,-0.6404542452665558,-0.13198831887349044
0.0,0.0,0.0,1.0
0.029415824553047115,0.7624209686063885,0.6461159560012133,0.35124747165959835
0.8168441050723217,-0.39071334526193224,0.42397584262344445,-0.17838479697913695
0.5758705461564395,0.5153841804418787,-0.6342977657107113,-0.13161917911716065
0.0,0.0,0.0,1.0
0.031145224853312753,0.7607944618721219,0.6480540582117884,0.34773692091020336
0.8086994054495378,-0.40004953282680955,0.43079069714910145,-0.18219171050529256
0.587057742756597,0.5106998767139506,-0.627722124388039,-0.13197016218013718
0.0,0.0,0.0,1.0
0.03087101305222003,0.7564012088878569,0.6531260190320942,0.3448956103852494
0.7997955373034592,-0.4105593736694668,0.4375253530415185,-0.1859454925832912
0.5992187960905527,0.5088968633776056,-0.6177307389985885,-0.13200593923841056
0.0,0.0,0.0,1.0
0.029383080936863516,0.7468281340861888,0.6639982964918467,0.3433194833245959
0.7947641088076962,-0.4203865625544768,0.43748329492898475,-0.18831062168706092
0.6059945401309621,0.5149096720424877,-0.6060018727571747,-0.13076444409361665
0.0,0.0,0.0,1.0
0.020925336316802295,0.7338819699274863,0.6783732309974286,0.3426702434568306
0.7905275274860106,-0.4277401707346875,0.43799932344202924,-0.18878360286388512
0.6117879767730119,0.5270960681832266,-0.5891673513834332,-0.12859969969851937
0.0,0.0,0.0,1.0
0.01384309031226299,0.7166485839075531,0.69668707641993,0.3427472526082128
0.7852891088868703,-0.4392015449108925,0.43589613362587853,-0.18790555348495608
0.6187779809873546,0.5410624255666208,-0.5689404056563581,-0.1262754397698258
0.0,0.0,0.0,1.0
0.015879655701464757,0.7013058950915814,0.7123636775162051,0.34296038059039147
0.7814381736205855,-0.453116635074607,0.42859211628988003,-0.18638925496663067
0.6236683661719843,0.549912309087208,-0.5553125820738878,-0.12361218800075008
0.0,0.0,0.0,1.0
0.019554390961166297,0.6921746709393877,0.7213396229841846,0.3428227156917991
0.7774163466623554,-0.46415337581934857,0.4242725036994371,-0.184846724741751
0.6286125327910588,0.5524865446803053,-0.547236770790829,-0.12072808735809175
0.0,0.0,0.0,1.0
0.021476004748054132,0.6839669352783755,0.7290794867109917,0.3429007173436141
0.7728829335346606,-0.47392909949709916,0.4217622595218663,-0.18342533081747614
0.6341221391866136,0.5544089166449087,-0.5388646381718779,-0.11796298184880478
0.0,0.0,0.0,1.0
0.022292775597713258,0.6754557222765998,0.7369651455036758,0.34367429057963317
0.7670014694020854,-0.4843559360786264,0.42060961261302976,-0.18213215021017048
0.6411430749606961,0.5558544480996186,-0.5289290474119526,-0.11563030348463853
0.0,0.0,0.0,1.0
0.01926912618832185,0.6697881237848664,0.7422175795571524,0.3449009523862204
0.7597233496922131,-0.4923750398092987,0.4244921113874299,-0.18104327564485834
0.649821435015385,0.5557347881553318,-0.5183633722477733,-0.11400882301807919
0.0,0.0,0.0,1.0
0.014999529756103039,0.6648340539307603,0.7466843371117744,0.34589770352245597
0.7539298539414938,-0.49802368204379266,0.4282025839285727,-0.18037947035145632
0.6566978111270815,0.5565580515836082,-0.5087525917740806,-0.11276441468702175
0.0,0.0,0.0,1.0
0.015110654174566045,0.6537196059372405,0.7562892006679611,0.3459674645754318
0.7495506204874912,-0.5080077343953765,0.4240048569223801,-0.18019319781576038
0.6617075006577353,0.5604470102120162,-0.4977837369563771,-0.1111538429925791
0.0,0.0,0.0,1.0
0.01744881690239843,0.6402446667462797,0.7677624323461428,0.344720952905648
0.7441108755613355,-0.5211901998241609,0.41760467371215326,-0.1802689284571138
0.6677490329786134,0.563966961695648,-0.48560760015733906,-0.10915431129745073
0.0,0.0,0.0,1.0
0.02013624596623133,0.6339256700195756,0.7730704578183069,0.34223599734686583
0.7373063555644922,-0.5315665426719995,0.4166850380214259,-0.1801051437443204
0.6751348824041612,0.5615770416575683,-0.4781443350615426,-0.10770220959023205
0.0,0.0,0.0,1.0
0.02232494221245159,0.6330556913799623,0.7737514954177072,0.33830741124366026
0.7278813764476189,-0.540699560597501,0.421380036930622,-0.17879343373230328
0.6851367743167417,0.5537874306016097,-0.47287075018357505,-0.10753682196455144
0.0,0.0,0.0,1.0
0.021735444982017266,0.6336536676753688,0.773271880381019,0.3336018271049497
0.716541887773484,-0.549108717989402,0.4298288898737952,-0.17591096900716505
0.6970052614880815,0.5447693989030866,-0.46594312119976145,-0.10811554751052455
0.0,0.0,0.0,1.0
0.02067839640231688,0.6366722849464109,0.7708225784373176,0.3307078979085138
0.7069160119707532,-0.5544067407134756,0.43900432129298417,-0.1720189502950299
0.7068856432199622,0.5358622116014364,-0.4615034693022994,-0.10793581567878925
0.0,0.0,0.0,1.0
0.022295043141591184,0.6392446924887836,0.768648408527465,0.32895567204486187
0.7007400198471323,-0.5583092691786116,0.44402550929294926,-0.167971405353702
0.712995761672386,0.5287483564983854,-0.4603967122650743,-0.10733576429394073
0.0,0.0,0.0,1.0
0.029456321190486395,0.6395774406530397,0.7680480787667318,0.3264192484455714
0.697819195061798,-0.5632724722733069,0.4422934114118467,-0.16448040002181277
0.7155164546763136,0.523041098897769,-0.46296790523256554,-0.10732412850443174
0.0,0.0,0.0,1.0
0.04405442841977823,0.6380863313771422,0.7684669659396148,0.32336173078933017
0.6975761547178019,-0.570268634161567,0.43352156005823317,-0.1622192571841699
0.7148816085399341,0.5171772869916811,-0.47039633138855197,-0.10800927794699561
0.0,0.0,0.0,1.0
0.05883417012634552,0.6356731324687779,0.7695417907337598,0.32040388154721
0.6953781645731744,-0.5791420307400779,0.4252553340094616,-0.16159245842483544
0.7160163406767084,0.5102193149712081,-0.4762398783320504,-0.10908695780142505
0.0,0.0,0.0,1.0
0.06474147735359198,0.6342188308766821,0.7703571582462533,0.31829105172912964
0.688239219786857,-0.5872118603836163,0.42569675809672614,-0.16209147182779535
0.7223747677298007,0.5026630899177339,-0.47451472460510963,-0.11027228554252944
0.0,0.0,0.0,1.0
0.06760053177737585,0.6386901761729822,0.766329394696243,0.3178510755285722
0.6745985108949628,-0.5947270919658534,0.4365493290759642,-0.16251517786318403
0.7346935518630522,0.48753214077146734,-0.47092581258908506,-0.11164443339803214
0.0,0.0,0.0,1.0
0.07125505155062126,0.6499426729406061,0.756394187054743,0.31896480764581614
0.6571450619066335,-0.6006038480733771,0.45463764268925355,-0.16251367939511496
0.7500058004087935,0.46480130966101085,-0.4696994644468063,-0.11394417531100483
0.0,0.0,0.0,1.0
0.0731495204716903,0.6640771451194362,0.7436900270691129,0.3212666384766627
0.6427321458769149,-0.6013046417007921,0.4740118475538092,-0.16338879122543049
0.7623722447837828,0.44341435880359314,-0.4706718558733737,-0.11808184206003436
0.0,0.0,0.0,1.0
