0.07382716529958222,0.9099986616937539,0.4069947173467805,0.30799165311504867
0.4576756143070654,0.326898050276903,-0.8230052826532195,0.12137605325176645
-0.8829569491182807,0.2478622569155896,-0.39695039873058025,-0.2606322487649688
0.0,0.0,0.0,1.0
0.0800152104811871,0.9099556813837998,0.40542232049729326,0.307726364877256
0.4591058234983053,0.3241612085653395,-0.8245763411964606,0.11999039467058395
-0.8839437777711145,0.251403777668719,-0.3949294044517788,-0.26124040697182127
0.0,0.0,0.0,1.0
0.09507608510728247,0.9094600887257931,0.4050222620132825,0.3065413371755108
0.4661933984065894,0.3178862172359829,-0.8249320810642711,0.11704539591450686
-0.8812955732919516,0.2676772943577528,-0.39323243436957034,-0.2614330206909587
0.0,0.0,0.0,1.0
0.11860875619997578,0.9075776089309417,0.4037193026672561,0.3043098385169952
0.4761430320425605,0.30430085594517114,-0.8256937908298443,0.11209126389464275
-0.8751082226331908,0.29178814759302485,-0.393277738513614,-0.2606064889565588
0.0,0.0,0.0,1.0
0.13820031510008535,0.9059192514615462,0.3987014083511149,0.30134122781656086
0.4822046185303921,0.28874606871175645,-0.8282436371544808,0.10551361290873368
-0.8688265287386421,0.3068600814474922,-0.3957954693802651,-0.259357191467944
0.0,0.0,0.0,1.0
0.15175487717123493,0.9064078108438809,0.39076719932463444,0.2985098229990565
0.4815797138272741,0.27708235801737624,-0.8315168826708383,0.0994699760252622
-0.8650567233732802,0.31261071372827,-0.39507355586282844,-0.2585508910411263
0.0,0.0,0.0,1.0
0.16251385228198942,0.9034065431093998,0.39300562439766085,0.29540913543271424
0.4954502592235781,0.2710619354547347,-0.8228569219470283,0.09421118941163784
-0.8521343829830356,0.326647632763003,-0.4047800687132625,-0.2578665070472562
0.0,0.0,0.0,1.0
0.17607445106700612,0.895470654032232,0.4031725635277416,0.2917712665375956
0.5324610147158328,0.25885917371387573,-0.801219811672687,0.08852360468424153
-0.8228669735796339,0.35476332554942613,-0.43497070471104554,-0.2557427266015543
0.0,0.0,0.0,1.0
0.20857160719352413,0.8892873182922096,0.39940423280270276,0.28768744933661083
0.5631735600895464,0.2259036992359178,-0.7902786399422999,0.08115835032089089
-0.793638187823007,0.39012845181738304,-0.45950125265098307,-0.2501849031699813
0.0,0.0,0.0,1.0
0.25187263357261036,0.888428941456759,0.37870844162678685,0.2819774397577658
0.5736296688730506,0.17987556310135538,-0.795153537811196,0.07170430358070848
-0.7747536156612618,0.41833313461460964,-0.46802485702004815,-0.24130429790032118
0.0,0.0,0.0,1.0
0.27827775677003735,0.8903542652274876,0.36167538433534674,0.27601079186682925
0.5857881230316707,0.14113948797987813,-0.7940722295884977,0.06165369609992902
-0.7564588209913119,0.4332213751411983,-0.4837226738025925,-0.23166871935906314
0.0,0.0,0.0,1.0
0.29080454270748923,0.8852353361443277,0.36661535890301805,0.2741851605529081
0.6071733301178279,0.12311582189803794,-0.78219276815058,0.05206237604193359
-0.7353350215711387,0.4497399306402622,-0.5019157502166411,-0.22369745072524977
0.0,0.0,0.0,1.0
0.3030818751294048,0.8728226549634337,0.38556697935766826,0.2765387426049189
0.6288342168316776,0.11664814021232846,-0.7675722557059572,0.04493992204567521
-0.7145293459677681,0.47210273456960666,-0.5122424399917648,-0.21792758046936572
0.0,0.0,0.0,1.0
0.317447329694833,0.8599959850812616,0.4010794808039728,0.2793041135690707
0.6468993885831491,0.10955809410191661,-0.753009297571958,0.041005424983335884
-0.6919737936397442,0.4950732721607135,-0.520439229285591,-0.2145727753386803
0.0,0.0,0.0,1.0
0.33075432371149843,0.847040374269227,0.4130083010101531,0.2799109698158929
0.6622787287704882,0.10229661586416758,-0.7401383090735856,0.03738764218106308
-0.6687997554716798,0.517797716337659,-0.5287348731493078,-0.21222374695725665
0.0,0.0,0.0,1.0
0.3391056871642286,0.8330079592657118,0.4329542725057885,0.27934962291131094
0.675726913883596,0.10206544922907836,-0.7288010937779259,0.03465032900704622
-0.6502809748103509,0.5409358185054027,-0.5321843965686617,-0.2092733231353049
0.0,0.0,0.0,1.0
0.3444824870731521,0.8206325634253462,0.4537997737281032,0.2815542068141178
0.6826799892266684,0.10856577589002162,-0.7221594396864637,0.033951354601524826
-0.6413107837731387,0.5587791917655082,-0.5262721783827877,-0.20493912277036613
0.0,0.0,0.0,1.0
0.35619607501908174,0.8106755437353004,0.4629497684745706,0.28661831502601276
0.6812029211408126,0.11071134340154426,-0.7233277631332016,0.03312599566460281
-0.6376729376945731,0.5722384250730264,-0.5154223204972932,-0.19879987406056704
0.0,0.0,0.0,1.0
0.3708442992501452,0.803547870539919,0.46447833582033693,0.29120586217180405
0.6751578944743757,0.10748629508604879,-0.7273517955208371,0.03008281396233295
-0.6353820167998313,0.5834455085006155,-0.5057461392835215,-0.19193197733407433
0.0,0.0,0.0,1.0
0.38148242131084054,0.7994627653382853,0.46358148270615,0.29388086622684073
0.6696457347725124,0.10349150716750323,-0.7314810830045944,0.025087814008724816
-0.6339424394648685,0.5899973233875078,-0.49856992714283677,-0.18633914407375735
0.0,0.0,0.0,1.0
0.3884276031505127,0.7940820868447,0.4658306142291455,0.29478491917151267
0.671171136393307,0.10169851379881929,-0.7318784648761127,0.019853101432286142
-0.628828863606693,0.596457824429507,-0.49579447281846023,-0.1825846361838706
0.0,0.0,0.0,1.0
0.39812153512388726,0.7865947951968464,0.46931742298902773,0.29436160547261925
0.6764561443788197,0.09626514510711562,-0.730539911274207,0.015388404151694443
-0.6199530047713074,0.606409149150127,-0.49610187915133197,-0.18055694587412208
0.0,0.0,0.0,1.0
0.40955006426443974,0.7840824285891413,0.46340788141564593,0.2935108195286959
0.6788315402191853,0.07932579457094588,-0.7305828915841612,0.012176119751402363
-0.6105372346617148,0.6129136270638853,-0.500539911274207,-0.17954381677668527
0.0,0.0,0.0,1.0
0.4205412495804532,0.7858209043409814,0.45261205203451615,0.2941435235027976
0.6775359669272338,0.05960409276880434,-0.7324183761503198,0.009734621051801128
-0.6024183761503199,0.6136391843848118,-0.5063621539214344,-0.17840705426759962
0.0,0.0,0.0,1.0
0.43295694911828075,0.7821454311774461,0.45014548971729573,0.29669536947374214
0.676101879151332,0.046554638867422705,-0.7338981208486681,0.007006452309970848
-0.5939437777711145,0.6183944800967611,-0.5082016534063315,-0.17670948923442645
0.0,0.0,0.0,1.0
0.44636349222768057,0.7688275253004468,0.4578156034313383,0.300548201241037
0.6787970788591875,0.04018966096545784,-0.7312485780632589,0.003192258851573926
-0.5818328079536663,0.6341777573527727,-0.5040324150035151,-0.17523765298933874
0.0,0.0,0.0,1.0
0.45582358095347353,0.7517110476675142,0.474839428913132,0.3052521511534475
0.6860548839226392,0.04237405753411955,-0.724529345967768,-0.001835024677481552
-0.5674903100047872,0.6553293266017131,-0.49713738308354577,-0.17382615837473317
0.0,0.0,0.0,1.0
0.45995835799629203,0.7397383869236515,0.4912404118917055,0.30869958316233304
0.6969020651956415,0.04375277849941053,-0.7160575605351316,-0.008103484443928756
-0.5525110283014589,0.6702602747701025,-0.4966874473479855,-0.17258856900080594
0.0,0.0,0.0,1.0
0.4637251450047201,0.7358387914346607,0.49468858597085175,0.30869062355791366
0.7051453606056809,0.03290143493963181,-0.7112637885444462,-0.014353604757160956
-0.5382128489687801,0.6770751773736661,-0.5022466022785415,-0.1724290473003337
0.0,0.0,0.0,1.0
0.47234361109286016,0.7354733306447243,0.487205320275698,0.30731465585740514
0.705146698911927,0.013848449007483155,-0.7112624502382,-0.01845748798620992
-0.526641790425539,0.6809344801991566,-0.5078487264850899,-0.17268435723595268
0.0,0.0,0.0,1.0
0.48852159360789793,0.7369517370368264,0.4694090785783619,0.30566480416070385
0.696947722118088,-0.00995969630253813,-0.7160119036126852,-0.021206970389260633
-0.5205869065028996,0.6794574121133006,-0.5145320225802603,-0.1723000927007108
0.0,0.0,0.0,1.0
0.5085227955800675,0.7364507911538349,0.44955843584635785,0.3023709326075178
0.6866391138130467,-0.033448185113107785,-0.7239451160773607,-0.024847914869687834
-0.5164534677663273,0.6765088345769381,-0.5195473876519475,-0.1712942929863295
0.0,0.0,0.0,1.0
0.5237609446709641,0.7328696501921262,0.4358777568258763,0.29871325031579754
0.6817540279774682,-0.05237673414661185,-0.7282902906387321,-0.029054183881562935
-0.5093257945709458,0.677713241392035,-0.5240421248916796,-0.17009678615587692
0.0,0.0,0.0,1.0
0.5356628552761055,0.7294064019658697,0.426010565306439,0.29590878024332196
0.6824143612315814,-0.07058958311539196,-0.727538643539726,-0.033011444270495426
-0.4994090785783619,0.6805909214216381,-0.532461356460274,-0.1685720356388024
0.0,0.0,0.0,1.0
0.5493300931917992,0.7238068070037751,0.4192801376484994,0.29313787443039097
0.682592690300514,-0.0908111761963935,-0.7267290893516934,-0.037448851952922385
-0.48744331477609465,0.6855176492609245,-0.5409398334241412,-0.16699662197571696
0.0,0.0,0.0,1.0
0.5710037191847083,0.7130840626294177,0.4092744426790736,0.2908871787784486
0.6734826464731056,-0.11530323682363322,-0.7322952775579215,-0.04180426069907586
-0.4742981793326788,0.6927395183240559,-0.5442551990227247,-0.16641153869591052
0.0,0.0,0.0,1.0
0.6033113506798451,0.6961473997397019,0.3894574121133007,0.29092867892214114
0.651569720236995,-0.14843027976300505,-0.7448394289131322,-0.045020960116664566
-0.45910836377672093,0.7008459793008326,-0.5451162524706678,-0.16663473448786445
0.0,0.0,0.0,1.0
0.6381988404597625,0.6752063643433912,0.3681648571782826,0.29331435438661524
0.62682342155352,-0.18439069514974124,-0.7567647526838608,-0.04767285032722142
-0.4410326219093569,0.7113414356247627,-0.5461461977675324,-0.16679419086983172
0.0,0.0,0.0,1.0
0.6583677323086841,0.6640076635316816,0.35537398696235445,0.29614919506444426
0.615882113489056,-0.21071134340154427,-0.7582432954100395,-0.05098514768609483
-0.42745986356352783,0.716529571130033,-0.5517580428962068,-0.1671618376026371
0.0,0.0,0.0,1.0
0.6656091685161822,0.6649737230679791,0.34317390183398777,0.29738684630853407
0.615239351063066,-0.23166405243882143,-0.7540837668953875,-0.05473716526089115
-0.4216155134935181,0.7108498578854944,-0.5630496012694198,-0.16788089372714887
0.0,0.0,0.0,1.0
0.6738624575165008,0.6667217723739066,0.3170734973229786,0.29567551004525905
0.6074277625504663,-0.2572206670909618,-0.7542207376627268,-0.05861390772636388
-0.4220693278137402,0.6990588282696126,-0.5763634922276806,-0.16893668835325384
0.0,0.0,0.0,1.0
0.6948063058593803,0.6576120702909396,0.2816224104351135,0.2926971086438884
0.5832212388071216,-0.28995032815881516,-0.7601396473798318,-0.06267107629408764
-0.42075566201774456,0.6923892680153065,-0.5857282521898421,-0.17038011086484556
0.0,0.0,0.0,1.0
0.7234038664969075,0.6404929160455144,0.2504139306589517,0.2912249111563705
0.5520184540003858,-0.32204876410756844,-0.7676272807721267,-0.06553237924836636
-0.4145306842740142,0.6937734785396588,-0.5886448976106611,-0.1718171361434368
0.0,0.0,0.0,1.0
0.7469808451718396,0.6242207376627268,0.2301118775510646,0.291130279686039
0.5270112661342137,-0.3433376458682893,-0.7759649083839927,-0.06693828515113182
-0.40659479519684644,0.7005909214216381,-0.5857739091122885,-0.17306633646355013
0.0,0.0,0.0,1.0
0.7601649460064711,0.6137304982297047,0.21983906891226734,0.2918257350765877
0.5093421379480145,-0.350072293855332,-0.7869463838118418,-0.06719829967604449
-0.4036365077723195,0.709460088725793,-0.5769477221180879,-0.17405683288433327
0.0,0.0,0.0,1.0
0.7641115367241545,0.6082598441974727,0.21893806454526532,0.29338235170188004
0.5000635440161258,-0.34652991287447443,-0.7957779240310271,-0.06633626236760418
-0.40462333642515325,0.716949060424334,-0.5660092270001928,-0.17451637057038616
0.0,0.0,0.0,1.0
0.7638941059299297,0.6060602371476239,0.22422609088771145,0.2954558540920579
0.5002366561941505,-0.33846910882014414,-0.7987832066842466,-0.06453614759914286
-0.40493208106427114,0.7223727192278735,-0.5581658537400875,-0.17430685524626485
0.0,0.0,0.0,1.0
0.7594077402721158,0.6076299573846189,0.23547600725721657,0.2977024505034458
0.5095124371794701,-0.3248797326105939,-0.7975306137022491,-0.061956888709809865
-0.4056575020511209,0.7269477221180879,-0.5525123666077052,-0.17346771782017095
0.0,0.0,0.0,1.0
0.7528239932696799,0.6101383090735856,0.2486530748161761,0.2999571051124891
0.5181145018482152,-0.3109898470097673,-0.7959649083839926,-0.05883269834630196
-0.4079830206399371,0.7294117551908541,-0.5475816238496802,-0.17186968760660876
0.0,0.0,0.0,1.0
0.7458665612634277,0.6141764190465265,0.25834164253060443,0.3022971293698201
0.5218854981517849,-0.2989148242266013,-0.7970417125754732,-0.05544624769386257
-0.41278919016524074,0.7299113627675995,-0.5430012677344811,-0.16980276265702698
0.0,0.0,0.0,1.0
0.7339867580810688,0.6235451939274266,0.26995969630253813,0.3048662794281683
0.530498269270499,-0.28389678254242195,-0.7970833545791812,-0.05243484906327754
-0.4191044851920592,0.7295030690357471,-0.539865705845153,-0.1679642404257049
0.0,0.0,0.0,1.0
0.7188802154985653,0.6358705761821661,0.281255416962528,0.3072256730588258
0.5401285991854213,-0.2647011198395465,-0.7964618393482455,-0.050084116118549515
-0.4310381805447061,0.7281215351238872,-0.5353253116829745,-0.16654439252508263
0.0,0.0,0.0,1.0
0.7070376976567347,0.6434038664969075,0.29073091054591105,0.30901038365621014
0.5446290313945792,-0.2433555329619687,-0.7994574121133008,-0.047344433076066006
-0.4453736452179132,0.7284759366854514,-0.5244393704291213,-0.16566385910424758
0.0,0.0,0.0,1.0
0.6940377682284997,0.6459165748490538,0.31018430774047323,0.3104600249877698
0.5549767414249127,-0.21640781084388083,-0.8009868286528338,-0.043076419113191114
-0.4539464543836068,0.7321566267398947,-0.5108459793008326,-0.16518215770796008
0.0,0.0,0.0,1.0
0.6784786132979439,0.6504915777392684,0.3380231880033222,0.31162772864537935
0.5725525339710904,-0.18596758499648486,-0.7978903684887981,-0.03754335985603143
-0.4589661761184736,0.734930742758025,-0.49964426013218954,-0.16485807311439213
0.0,0.0,0.0,1.0
0.6663276925614365,0.6558705761821662,0.36003446135999784,0.31202893822079103
0.5825441513552105,-0.15825449097248812,-0.7962403936352822,-0.03175276462393485
-0.4680758782014407,0.7380745398951947,-0.48681054594038387,-0.1645852693840289
0.0,0.0,0.0,1.0
0.658428941456759,0.6564561443788196,0.3738094836162674,0.31083445861945225
0.5849336247808818,-0.1336338311598272,-0.7979790057211987,-0.026606765355177316
-0.47842592309982535,0.7424170378440738,-0.4726508810916552,-0.16395542838179789
0.0,0.0,0.0,1.0
0.6533098760395223,0.6541321004303263,0.3825540086114131,0.30899257604791597
0.58551229603594,-0.11286697357963399,-0.8020639745887557,-0.022531725863681948
-0.48512160569565227,0.7463621539214345,-0.45847459837920534,-0.16277345199626259
0.0,0.0,0.0,1.0
0.642094421030015,0.6566861090417393,0.39238792970906056,0.3085924677913885
0.5882128489687801,-0.0921400779524614,-0.804206865487786,-0.019330934172500053
-0.49215676307397127,0.7463164969989879,-0.44758162384968014,-0.1617801807640959
0.0,0.0,0.0,1.0
0.6205716960217126,0.6652089046218068,0.4102286263566736,0.31076657981044875
0.5936338311598272,-0.06160284329074665,-0.8033152292645069,-0.015898114562032203
-0.5069199522893209,0.7417858127249738,-0.4370390359629808,-0.1617616794377935
0.0,0.0,0.0,1.0
0.592100263367479,0.6749307427580249,0.43691410995185676,0.314107418454855
0.6029219986458034,-0.019948989852568953,-0.7964897565450508,-0.01153267287696373
-0.5280246626436451,0.7344823507390754,-0.42538469341232366,-0.16284313052692698
0.0,0.0,0.0,1.0
0.5618801449268003,0.6850209237070362,0.46138654539240326,0.3165695311173453
0.6130505978312247,0.022373715789678283,-0.7868580883238824,-0.007001881687380775
-0.5519726607438626,0.7248864241418247,-0.41466631673510745,-0.16429393678300552
0.0,0.0,0.0,1.0
0.5363205119177263,0.6941598702590932,0.4769629325992749,0.31838726937930145
0.6188883927040805,0.05753329031474139,-0.78052470079302,-0.004074246829125744
-0.5729887338657864,0.7152075663155606,-0.403682164694766,-0.16579867523149427
0.0,0.0,0.0,1.0
0.5064034541807012,0.6997217018021415,0.4992958262082044,0.3204841549609224
0.6302826548610381,0.09246571312345372,-0.7667107241794962,-0.0019914074522327475
-0.5866694239202295,0.7066861090417393,-0.39714005969603805,-0.16815822162601196
0.0,0.0,0.0,1.0
0.46651151118943035,0.6958168894222427,0.542200945356095,0.3231273255985503
0.6576259424658806,0.1339370862398838,-0.7353336832648926,0.0013431997168837286
-0.5887751768467697,0.7041374536553109,-0.39713034980787376,-0.1716446272990304
0.0,0.0,0.0,1.0
0.43086252808826586,0.6863691871971064,0.5846467495907406,0.32667073551907355
0.6857735673678473,0.17155450975580788,-0.7042250943259065,0.00582636871136457
-0.5863678488908601,0.706634757149867,-0.3969973939592728,-0.17508695352810716
0.0,0.0,0.0,1.0
0.406515673476207,0.6795003924232549,0.6114729057990793,0.32963363974054144
0.7016071999539264,0.19747509952360018,-0.6853861790866079,0.011268078097220292
-0.5864964480762814,0.708078554813933,-0.3953793401873391,-0.17703267428364736
0.0,0.0,0.0,1.0
0.38857394206157514,0.6715683819307489,0.632276052157996,0.3304154111912747
0.7128173017384491,0.21389276762368348,-0.6695567557956705,0.016011875785664015
-0.5840364299222536,0.7108513325258172,-0.39452533104902965,-0.1777253237441136
0.0,0.0,0.0,1.0
0.3751659243118526,0.6607626952934167,0.6510674360477575,0.3312670919015132
0.7234441701943694,0.22600521208145444,-0.6535048902299647,0.01729513312167832
-0.5789715293434582,0.7161877034371636,-0.39179116594995833,-0.17772351483722054
0.0,0.0,0.0,1.0
0.3625566852239054,0.6516140388531952,0.6658735945390997,0.33099691743419524
0.7293687748809001,0.2410798225484141,-0.6400899755386468,0.018375511717010053
-0.5781658537400876,0.7178447115663515,-0.3864534677663273,-0.17720971607111402
0.0,0.0,0.0,1.0
0.35112815608335285,0.6400913138448929,0.682327062305427,0.3280563128988464
0.7329126305020803,0.2589201774515859,-0.6276272807721266,0.022092136461706817
-0.5795514025706858,0.7204499357355603,-0.37811752020514877,-0.17624200646824675
0.0,0.0,0.0,1.0
0.3430496012694198,0.629559774152604,0.6974349431941764,0.3233262594499501
0.7369920407342883,0.273989434693561,-0.6160132419189314,0.026936709459593984
-0.5805439261929455,0.7234898271168158,-0.37139258210627035,-0.17529950632065472
0.0,0.0,0.0,1.0
0.3369987322655189,0.625251884931761,0.704746776761993,0.32054827860643276
0.7394130934971004,0.28591657484905386,-0.6076286190783727,0.0316412227697192
-0.5830496012694197,0.7223310772241653,-0.36865575142866835,-0.17425045463315972
0.0,0.0,0.0,1.0
0.3295057456482394,0.6225593618363977,0.7104002638943754,0.3213845600144972
0.7399073478488609,0.299907347848861,-0.6001396473798317,0.03622192252675079
-0.5875829621559263,0.7199516664650613,-0.3625123666077051,-0.17297359271885843
0.0,0.0,0.0,1.0
0.32112280285836825,0.6211294943895991,0.7158665612634276,0.32225490154162817
0.7393687748809001,0.3128626169164543,-0.5942220759689729,0.03978974927410103
-0.592511028301459,0.7169920407342882,-0.3570944027735915,-0.1725246154261167
0.0,0.0,0.0,1.0
0.31592058976779225,0.6230939198856201,0.716410487456373,0.31930926474186083
0.7364534677663273,0.3193701131871462,-0.5941307621240801,0.042597142833513714
-0.5981215351238871,0.7123753958403658,-0.3577119030857888,-0.17346451053681763
0.0,0.0,0.0,1.0
0.3129122887576392,0.6275346286209875,0.7135451939274265,0.31577787532653684
0.730539911274207,0.32354385562118043,-0.5988771971416318,0.04541841413478457
-0.6054693157259858,0.7069960556530267,-0.3599543430775536,-0.17486764047981912
0.0,0.0,0.0,1.0
0.3040807485384539,0.6317884893374661,0.7136351694660733,0.3136834905253394
0.726009227000193,0.3306312251190999,-0.6004455790723806,0.047786083352569966
-0.6145306842740141,0.7000899755386467,-0.36169851379881923,-0.1757546563475701
0.0,0.0,0.0,1.0
0.2931022914675383,0.6333568712682149,0.7176272807721266,0.3126335026483965
0.7245736645839682,0.3400913138448929,-0.5959649083839926,0.04964315129350175
-0.6218798031823589,0.6941321004303261,-0.3598103390345422,-0.17610633625711045
0.0,0.0,0.0,1.0
0.29121545500950735,0.629367436574654,0.7224653713790125,0.3127135486428995
0.7218354845661586,0.3505412495804532,-0.5941294238178338,0.052289694694940575
-0.6275346286209875,0.6930509395756659,-0.3493687748809,-0.17634278988004157
0.0,0.0,0.0,1.0
0.29354351387673916,0.622959625730773,0.7274889716985411,0.31308179563233196
0.7169503987305801,0.36241703784407375,-0.5970846928854272,0.05462328888897568
-0.6330026060407272,0.6940364299222536,-0.3365491382743999,-0.17648478598065254
0.0,0.0,0.0,1.0
0.2924223910690583,0.6176232658533882,0.7318341462599125,0.31433596869502733
0.7100456569224465,0.373898120848668,-0.5994157701095926,0.05590761919566285
-0.6399530047713073,0.6924223910690582,-0.3282101723562878,-0.17612036680198284
0.0,0.0,0.0,1.0
0.2910798225484141,0.6130066209594657,0.7339894346935611,0.3160250685307626
0.7036391843848118,0.3812445631445206,-0.5999086861551071,0.057396251326686874
-0.6463608156151883,0.6905869065028996,-0.3225150432201974,-0.1750987241633129
0.0,0.0,0.0,1.0
0.2925083516889666,0.6100013383062461,0.7330052826532195,0.3145721731679814
0.7012624502381999,0.3843923752004287,-0.5994117551908542,0.06040988875264969
-0.6487388880680462,0.6906742054290541,-0.3176286190783728,-0.17336895139513317
0.0,0.0,0.0,1.0
0.2945306842740142,0.607040374269227,0.733590850849873,0.31073163499878537
0.7036378460785656,0.3842968410264327,-0.596949060424334,0.06388415473247402
-0.6464064725376348,0.6935465322336727,-0.31363650777231944,-0.17088932984085836
0.0,0.0,0.0,1.0
0.294839428913132,0.6030052826532195,0.7376259424658804,0.3088419011714037
0.7100026766124923,0.38210963151120203,-0.5924183761503199,0.06582370548096655
-0.6405372346617147,0.6994157701095927,-0.3135921891561192,-0.16771996283252033
0.0,0.0,0.0,1.0
0.2945280076615219,0.6005399112742071,0.7424667096852586,0.309643945118675
0.7164548060725734,0.3784745983792054,-0.5875332903147413,0.06655078422421176
-0.6359649083839926,0.7034495234193539,-0.3170417125754731,-0.16408039295765692
0.0,0.0,0.0,1.0
0.29241837615031985,0.5994560738070545,0.7475373052334798,0.3118347356227755
0.7199556813837997,0.3781228734301334,-0.5824183761503199,0.06793202008053233
-0.6340337533097613,0.7029623023432654,-0.3194587504195468,-0.16014188032772886
0.0,0.0,0.0,1.0
0.2899556813837997,0.5968577465794411,0.7525096899952128,0.3144890244289289
0.7230039443469733,0.37955140257068587,-0.576949060424334,0.0704055054527798
-0.6294157701095926,0.7036351694660734,-0.320447259123068,-0.1560502386513677
0.0,0.0,0.0,1.0
0.28703903596298086,0.5912029211408125,0.7581215351238872,0.31879451078106313
0.7275789472371879,0.3805882448091458,-0.5694144318033465,0.0728010114668334
-0.6229609640370193,0.7082101723562878,-0.3217871510312199,-0.15206066925219153
0.0,0.0,0.0,1.0
0.2830066209594657,0.5809828137340953,0.7654693157259859,0.3248395294928016
0.7324197144565661,0.3835895125436269,-0.5600013383062462,0.07513147564821392
-0.6176246041596343,0.7154276737222778,-0.32039724553744187,-0.14847320827025717
0.0,0.0,0.0,1.0
0.28058422989040743,0.5660092270001928,0.7745306842740142,0.32851532363297686
0.7369503987305802,0.39000133830624617,-0.5506285485066077,0.07820758854173951
-0.613050939575666,0.7239894346935609,-0.31237405753411956,-0.14652967378687354
0.0,0.0,0.0,1.0
0.27999866169375387,0.554129423817834,0.7818811414886051,0.3277263621275416
0.7394614270320391,0.39645480607257344,-0.5435438556211805,0.08159139252586094
-0.610539911274207,0.7294157701095927,-0.3035451939274265,-0.14614087053577457
0.0,0.0,0.0,1.0
0.2793701131871462,0.5470417125754732,0.7875789472371879,0.32462519586860933
0.7406312251191,0.39995300477130746,-0.5393701131871462,0.08444806979776598
-0.6094144318033465,0.7330039443469734,-0.2976702610820807,-0.14565298372742402
0.0,0.0,0.0,1.0
0.2764104874563732,0.5389228540640782,0.7935438556211805,0.3232457230314858
0.7441737424340342,0.40291396880832664,-0.5328652935289466,0.08648374361077188
-0.6064104874563732,0.7381188585113949,-0.2930522778819121,-0.1440353406444732
0.0,0.0,0.0,1.0
0.2700443186162004,0.5281201968176411,0.8024210527628122,0.3239085480696769
0.752959625730773,0.40645480607257345,-0.52,0.08833980507294797
-0.6000000000000001,0.7448850858355784,-0.29053991127420703,-0.14213373037435978
0.0,0.0,0.0,1.0
0.26413076212408004,0.5190131713471663,0.8110284706565418,0.3248298616730329
0.7628196366065001,0.407040374269227,-0.5071360447772996,0.09019557495634764
-0.5935908508498731,0.7515254016207946,-0.28941309349710037,-0.14062478466681982
0.0,0.0,0.0,1.0
0.2630482629631737,0.5145306842740143,0.8153806784935853,0.32575034090971866
0.7658249192597197,0.40655047658064614,-0.5006742054290542,0.09146266069268219
-0.5906298868128538,0.7548837475293324,-0.28636616884017285,-0.13949453504219914
0.0,0.0,0.0,1.0
0.26394779268985297,0.5083386241736708,0.8205372346617148,0.32704534720936274
0.7635425173149344,0.4105842298904074,-0.4970000705717651,0.09185146493014293
-0.5900026766124923,0.7580732015889484,-0.279460088725793,-0.1388666113934609
0.0,0.0,0.0,1.0
0.26133989190815193,0.49762594246588043,0.8269933790405344,0.3286945363914919
0.7641280855115878,0.41645480607257346,-0.4919254601048054,0.09218614645068955
-0.589460088725793,0.7624183761503199,-0.27117113639330703,-0.13867995875684275
0.0,0.0,0.0,1.0
0.25565348713238245,0.48772027466770695,0.8318354845661586,0.33044261111149015
0.7694614270320391,0.4193701131871462,-0.48565348713238243,0.0930954896615421
-0.5875346286209875,0.7664104874563733,-0.26664179042553904,-0.1384298278151741
0.0,0.0,0.0,1.0
0.2514369007224707,0.48605889884137776,0.8345280076615218,0.331967259936256
0.7734495234193539,0.4199516664650612,-0.4808526708320633,0.09425371082564078
-0.5854249971097856,0.7669933790405344,-0.2676272807721266,-0.13783990474355212
0.0,0.0,0.0,1.0
0.25165969577564173,0.4881171784607075,0.8354236588035394,0.3335251115103016
0.7729153071145729,0.4199543430775535,-0.47865575142866834,0.09548089593305648
-0.5845750028902145,0.7659635700777465,-0.2694627653382853,-0.13735244899762677
0.0,0.0,0.0,1.0
0.25,0.48542633541603164,0.8375346286209875,0.33535859630455367
0.7730039443469734,0.41946008872579293,-0.47304960126941986,0.096944462725857
-0.5824640330727663,0.7675346286209876,-0.2700013383062462,-0.13703590143901684
0.0,0.0,0.0,1.0
0.24834030422435827,0.48403944827918716,0.8394600887257929,0.33674879599291613
0.7746206598126609,0.41758028554343396,-0.46946578369521885,0.09863571327980869
-0.5804955926580068,0.7689201774515859,-0.2705842298904074,-0.13656619871908196
0.0,0.0,0.0,1.0
0.24856176097128319,0.4864977863825276,0.8400013383062461,0.3377293050333594
0.7754719923384782,0.416010565306439,-0.4710271323502956,0.10052657271422447
-0.5794587504195468,0.7675359669272338,-0.27300528265321955,-0.13572530977592343
0.0,0.0,0.0,1.0
0.24430085594517112,0.4864131640688655,0.8405828915841612,0.3388342782084262
0.778120196817641,0.4175789472371878,-0.4682929672512244,0.10242549954566439
-0.5769960556530267,0.7660092270001929,-0.27699605565302665,-0.13452060931995885
0.0,0.0,0.0,1.0
0.23807587820144072,0.48300394434697336,0.8429609640370191,0.3398396404129773
0.7824640330727664,0.4194144318033465,-0.460539911274207,0.10396490157227631
-0.5730052826532195,0.7675802855434342,-0.2794587504195468,-0.1330434239861496
0.0,0.0,0.0,1.0
0.23309525819186627,0.4811228028583682,0.8464548060725734,0.3400205477059791
0.7869503987305804,0.4193701131871462,-0.45417374243403424,0.10500818519017846
-0.5705842298904074,0.7694614270320391,-0.2804929160455145,-0.13116762744980826
0.0,0.0,0.0,1.0
0.2306339017315923,0.4824223910690583,0.8469933790405344,0.33935832083860124
0.7894130934971004,0.4169920407342882,-0.4530536161881583,0.10563968421316772
-0.57,0.77,-0.28237539584036575,-0.129370282582638
0.0,0.0,0.0,1.0
0.23063256342534613,0.4834925037293081,0.8459205897677922,0.33860258034013824
0.7899543430775535,0.4129609640370192,-0.4540807485384539,0.10599838004769238
-0.5694157701095925,0.7705412495804532,-0.2834925037293081,-0.12820198257676202
0.0,0.0,0.0,1.0
0.23305093957566597,0.4804499357355603,0.8470390359629808,0.3382203557534432
0.7899986616937539,0.4100456569224465,-0.45296096403701924,0.1061168343947265
-0.5669947173467804,0.7725096899952129,-0.2804942543517606,-0.1274844939727118
0.0,0.0,0.0,1.0
0.23753596692723367,0.47784471156635155,0.847040374269227,0.338331465402574
0.79,0.40762594246588046,-0.45296096403701924,0.10582010976527445
-0.5630052826532195,0.7751149141644216,-0.2783846228405586,-0.12693917782938383
0.0,0.0,0.0,1.0
0.24187980318235897,0.4761903800496559,0.8459649083839926,0.33899330527293847
0.7899986616937539,0.40601190361268524,-0.45407941023220777,0.10501579539287947
-0.5605869065028997,0.7778433732601056,-0.27861009450622193,-0.12672850516756706
0.0,0.0,0.0,1.0
0.24452934596776804,0.4709439846769563,0.8475332903147414,0.3397594155970813
0.7899543430775535,0.40757894723718785,-0.4530079592657118,0.10405229902712536
-0.5600913138448931,0.7814784063921021,-0.2749334193705173,-0.12691367055068656
0.0,0.0,0.0,1.0
0.24542232049729323,0.46929133321094807,0.8488745205291395,0.3403263585142014
0.7894157701095927,0.4094157701095926,-0.4535895125436269,0.10328104341968516
-0.5605869065028997,0.7812928966794594,-0.2717110476675141,-0.12744828688071244
0.0,0.0,0.0,1.0
0.24749031000478722,0.47309525819186626,0.8469503987305802,0.3405961131447107
0.7870390359629809,0.4094157701095926,-0.457580285543434,0.10281545913661803
-0.5630052826532195,0.7774903100047872,-0.2736338311598272,-0.12860166943108986
0.0,0.0,0.0,1.0
0.24892017745158593,0.4794184467220849,0.8430026060407272,0.3404870755171149
0.7835451939274266,0.40757894723718785,-0.4618824797948513,0.10264496004361726
-0.5669947173467804,0.7730482629631739,-0.27941577010959273,-0.13081823360106634
0.0,0.0,0.0,1.0
0.24758162384968013,0.483989434693561,0.840539911274207,0.3402753352659984
0.7830039443469734,0.4060105653064391,-0.46457634119646063,0.10288551515563422
-0.5694157701095925,0.7705855681966536,-0.28335954788070716,-0.1336764925209663
0.0,0.0,0.0,1.0
0.24659479519684638,0.48542633541603164,0.8394587504195468,0.3402751358640447
0.7839894346935611,0.407580285543434,-0.4660562222288855,0.10378481357085656
-0.5700013383062461,0.77,-0.28183414625991254,-0.136061040103588
0.0,0.0,0.0,1.0
0.2505882448091458,0.4881631771275952,0.8369503987305802,0.34167144333717037
0.7818341462599125,0.409460088725793,-0.47117247469955315,0.10502247305357892
-0.5706298868128539,0.7694171084158388,-0.2781175202051488,-0.13808853580206087
0.0,0.0,0.0,1.0
0.2565434433049741,0.49300394434697337,0.8324210527628122,0.34456048258300986
0.7774889716985411,0.4099556813837997,-0.4800872989261544,0.10542376825373065
-0.573590850849873,0.7670390359629808,-0.2760092270001929,-0.14057731987008998
0.0,0.0,0.0,1.0
0.26045127404180646,0.4993701131871462,0.8276246041596342,0.3463598827630614
0.7724640330727665,0.4099986616937539,-0.489865705845153,0.10433302343321502
-0.58,0.7635451939274267,-0.27699605565302665,-0.14337186962015913
0.0,0.0,0.0,1.0
0.26484210552562437,0.5034025281906613,0.8235895125436268,0.3469455861653645
0.7675802855434342,0.41000000000000003,-0.4982459720225318,0.10221479958926384
-0.5864091491501269,0.7630052826532197,-0.2764521294600812,-0.14547140363660854
0.0,0.0,0.0,1.0
0.26870007004486873,0.5023753958403657,0.822959625730773,0.34774847896451744
0.7630039443469734,0.4099986616937539,-0.5010754658852344,0.09986851843095412
-0.5893701131871462,0.7640350916160075,-0.27287098849837244,-0.14678136246185158
0.0,0.0,0.0,1.0
0.26960409276880437,0.5005842298904074,0.8234038664969074,0.3488143910143895
0.7599543430775536,0.4099543430775535,-0.5001869843529656,0.0976970531159728
-0.5899986616937538,0.7624210527628122,-0.26945741211330065,-0.1475563929717085
0.0,0.0,0.0,1.0
0.2771817016997461,0.5006325634253461,0.818828863606693,0.34944393332864143
0.756409149150127,0.40941309349710037,-0.5077672698963995,0.09607275093374916
-0.5905842298904074,0.7605399112742071,-0.2645763411964607,-0.14796264918281904
0.0,0.0,0.0,1.0
0.29165969577564177,0.5030992731106048,0.8104929160455145,0.34926524939015235
0.7494157701095927,0.40694772211808794,-0.5241264054609004,0.09556614521628623
-0.5930052826532195,0.7600429803099542,-0.25847861329794375,-0.14815802712809187
0.0,0.0,0.0,1.0
0.3042551990227247,0.5082128489687802,0.8030026060407274,0.3480515954664163
0.7405869065028996,0.40237271922787343,-0.5388315402191853,0.09603069500987615
-0.5969947173467804,0.7599556813837998,-0.2557931345122141,-0.14867066690091202
0.0,0.0,0.0,1.0
0.3143923752004287,0.5160535456163933,0.7969973939592728,0.3459315825271636
0.7336808263885197,0.39695039873058025,-0.5498616909264145,0.09682891602164781
-0.5994144318033465,0.7594157701095927,-0.2561448594612861,-0.15009762254849876
0.0,0.0,0.0,1.0
0.32129022006696706,0.5274446530823409,0.7895070839544855,0.34350961810684966
0.7311724746995532,0.3895057456482395,-0.5593647599621616,0.0974271100860847
-0.5999543430775536,0.7570390359629808,-0.26103818054470607,-0.15199998799707753
0.0,0.0,0.0,1.0
0.3244850273515677,0.5377033841358325,0.7811697980870609,0.34093556595100305
0.7324653713790126,0.38116979808706086,-0.5663648305339267,0.09724970899148483
-0.5999986616937538,0.7535451939274266,-0.2683332709486863,-0.15352852026505082
0.0,0.0,0.0,1.0
0.32546931572598586,0.5409411717303874,0.7765477999681539,0.33823033779062234
0.7339451160773607,0.37654913827439995,-0.5694614270320391,0.09652977775463552
-0.6000000000000001,0.7530039443469734,-0.2709425100366335,-0.15508225871025744
0.0,0.0,0.0,1.0
0.32816585374008755,0.5390588282696128,0.7763648305339268,0.33608548622085055
0.7318328079536662,0.3764104874563732,-0.5712154550095073,0.09645738393959716
-0.6000013383062461,0.753989434693561,-0.2684745983792054,-0.1572368179579537
0.0,0.0,0.0,1.0
0.333050939575666,0.5422952775579215,0.772279725332293,0.3365775851978236
0.7274889716985411,0.3728652935289466,-0.5771803633934999,0.09644905782191246
-0.6000443186162003,0.7518354845661586,-0.2692886565984558,-0.15929019358416158
0.0,0.0,0.0,1.0
0.34000401491873844,0.5525096899952128,0.7599543430775536,0.34017168006530396
0.7224626947665201,0.362959625730773,-0.5900026766124923,0.09520103713801417
-0.6005412495804532,0.7475359669272337,-0.2754679774197397,-0.1603322569658134
0.0,0.0,0.0,1.0
0.347082016272935,0.5633608861869535,0.7471360447772997,0.3427146826599645
0.7175373052334798,0.3541294238178339,-0.6029069355326546,0.09252854797699031
-0.6024640330727663,0.7430952581918664,-0.283316567570753,-0.16154090285241507
0.0,0.0,0.0,1.0
0.3534552183887798,0.5687818683780004,0.7407212006577468,0.34269587564794335
0.7125110283014588,0.3500913138448929,-0.6098187106164603,0.08875490942096828
-0.6045293459677681,0.7411724746995532,-0.2852823313730203,-0.16336969056061165
0.0,0.0,0.0,1.0
0.3618314696474202,0.569907347848861,0.7376299573846189,0.3413222122728351
0.7081685303525798,0.3470430508817192,-0.6147897570719472,0.08505577629962603
-0.604839428913132,0.7430509395756659,-0.2804955926580068,-0.16483750117862583
0.0,0.0,0.0,1.0
0.3679305358521832,0.5699986616937538,0.7354733306447243,0.3393578973424841
0.7061018791513319,0.34300662095946566,-0.6185147657425906,0.08234883040807797
-0.6045293459677681,0.7469947173467805,-0.2766404521192929,-0.16565137381547124
0.0,0.0,0.0,1.0
0.3671678295248051,0.5700469952286926,0.7351592327806219,0.3377758350399828
0.7081671920463337,0.3405828915841612,-0.6172148247534976,0.08075153146264888
-0.6024626947665201,0.7493687748809001,-0.2782585058912266,-0.16619690654457409
0.0,0.0,0.0,1.0
0.3644823507390754,0.5706298868128539,0.7354263354160318,0.3368755476792814
0.7124667096852586,0.3399556813837997,-0.6145280076615218,0.07998748258812828
-0.6004955926580067,0.7493701131871462,-0.28309793480435863,-0.16651551126349656
0.0,0.0,0.0,1.0
0.359501730729501,0.5735478705399188,0.7369947173467806,0.3363336394456865
0.7169960556530266,0.33887452052913947,-0.6100443186162003,0.07969771453656574
-0.5994587504195468,0.7470376976567347,-0.2905425878866994,-0.16658427222289046
0.0,0.0,0.0,1.0
0.3535048902299647,0.5795044073419933,0.7369920407342883,0.33602017602187706
0.7199973233875077,0.33452934596776807,-0.6060145802251775,0.07967043681292865
-0.5969973939592728,0.7435451939274266,-0.2994574121133007,-0.1665494955801467
0.0,0.0,0.0,1.0
0.3501369707673394,0.5845293459677681,0.7353350215711387,0.3355991923018181
0.7229139688083266,0.32842894145675894,-0.6052505466255148,0.07940108732321981
-0.5930482629631737,0.7430066209594657,-0.3069034035018876,-0.16644364026099226
0.0,0.0,0.0,1.0
0.3482598441974727,0.5877963780314128,0.7339894346935611,0.33484681044847087
0.7264078108438808,0.3251149141644215,-0.6060575605351316,0.07850576142744758
-0.5910798225484141,0.7440820868447,-0.31178581272497374,-0.16620357934899352
0.0,0.0,0.0,1.0
0.34964974969125084,0.5914327494696556,0.7295044073419934,0.33443042988335614
0.7264078108438808,0.32192546010480544,-0.6105425878866994,0.07729459806615253
-0.5918811414886052,0.7430509395756659,-0.3138967825424219,-0.16595378572557568
0.0,0.0,0.0,1.0
0.358211510662534,0.5907543237114985,0.7240851052016335,0.3346257108710423
0.7229139688083266,0.31753596692723374,-0.6165004629950199,0.07606972097466255
-0.591031147269034,0.7440851052016336,-0.31183280795366636,-0.16597439669838743
0.0,0.0,0.0,1.0
0.369460088725793,0.5851149141644215,0.7230052826532195,0.33406461552909616
0.72,0.3130039443469733,-0.6200000000000001,0.07487855644222755
-0.5860092270001929,0.749460088725793,-0.30753462862098757,-0.1660356388833943
0.0,0.0,0.0,1.0
0.37932713287719205,0.5795987395438197,0.7234938420355542,0.33181323394489337
0.717083354579181,0.31000000000000005,-0.6235008753112262,0.07349696485363581
-0.5840851052016336,0.7534508617256002,-0.30304826296317366,-0.16581387257763258
0.0,0.0,0.0,1.0
0.386450791153835,0.5805882448091458,0.7199100244613532,0.3285588563768296
0.7135008753112262,0.3069947173467805,-0.6295044073419933,0.07175085798219333
-0.5864991246887737,0.7529582874245269,-0.3005425878866993,-0.16571331698252634
0.0,0.0,0.0,1.0
0.3904915777392683,0.5835394989580007,0.7153820167998314,0.3247782079038727
0.7124223910690584,0.3024223910690583,-0.6345723262777223,0.06913485676668518
-0.5864118257626192,0.7534995370049801,-0.2995057456482394,-0.16673880541945657
0.0,0.0,0.0,1.0
0.395328330039908,0.5829193220333111,0.7117053526980881,0.3208318919942008
0.711122461113927,0.2976259424658805,-0.6382906323831734,0.06554184248402237
-0.582959625730773,0.7564977863825276,-0.2975856387684186,-0.1688271479375234
0.0,0.0,0.0,1.0
0.4002602747701024,0.583050939575666,0.7066404521192928,0.3177174109638097
0.7066431287317851,0.2936338311598272,-0.6432668957295682,0.06287239980695436
-0.5805842298904074,0.7569490604243341,-0.29615021268627073,-0.1709915560848434
0.0,0.0,0.0,1.0
0.3970708207104864,0.5852505466255148,0.7070474075448989,0.31613950150755177
0.7077229512801992,0.2935022136174724,-0.6417357991393476,0.061579734105053616
-0.5800456569224465,0.7553336832648926,-0.2994283039782874,-0.17283907286936334
0.0,0.0,0.0,1.0
0.38443267889789057,0.5890198628783969,0.7129539307613473,0.3157393039404762
0.7171343647266122,0.2959122181858741,-0.6304459208168218,0.06076829964774524
-0.5799986616937538,0.7539854197748226,-0.3096537646099892,-0.17435325674197039
0.0,0.0,0.0,1.0
0.3688721856610884,0.5976219275471419,0.7134105580281382,0.3160194983428654
0.7265514731424509,0.2939034740736527,-0.6194564155514958,0.06091883538879256
-0.5799073478488609,0.7493714514933923,-0.3271773450365663,-0.175111471998245
0.0,0.0,0.0,1.0
0.3563178353052341,0.606907418420626,0.7090588282696126,0.31727986352332244
0.7341804339652649,0.2879266572675214,-0.6133098760395223,0.0628104659800176
-0.5787765151530158,0.7424653713790125,-0.34512294400189836,-0.1755525043413766
0.0,0.0,0.0,1.0
0.33933482097022766,0.6137716511209332,0.7098098315852168,0.31976225624252885
0.7472663240134083,0.2835696433602993,-0.6010763150790011,0.06750912527911297
-0.5731729052721829,0.7357394477522907,-0.3634630428158921,-0.17687410675893434
0.0,0.0,0.0,1.0
0.31351152371886903,0.6176327813651494,0.7167112603003405,0.32214685782502334
